task,worker,answer
0,322,1
0,193,1
0,483,10
0,295,11
0,260,7
1,247,4
1,331,9
1,101,9
1,447,9
1,50,9
2,265,11
2,297,4
2,472,4
2,254,2
2,176,10
3,464,8
3,296,0
3,82,7
3,151,8
3,465,8
4,310,1
4,24,0
4,16,5
4,328,0
4,22,9
5,364,3
5,382,9
5,265,2
5,5,6
5,58,6
6,237,4
6,28,5
6,0,5
6,176,0
6,398,5
7,165,8
7,482,6
7,493,6
7,58,3
7,496,7
8,159,10
8,82,9
8,79,11
8,442,9
8,171,6
9,429,3
9,229,11
9,359,3
9,151,3
9,223,5
10,464,2
10,390,2
10,301,2
10,164,2
10,285,2
11,494,0
11,380,9
11,277,10
11,66,11
11,359,2
12,227,7
12,14,7
12,40,6
12,351,8
12,328,5
13,152,8
13,471,4
13,428,9
13,82,8
13,392,3
14,172,1
14,0,6
14,74,6
14,96,4
14,424,6
15,81,9
15,455,9
15,113,9
15,38,9
15,180,9
16,432,11
16,213,3
16,186,4
16,141,10
16,189,0
17,407,7
17,291,2
17,22,4
17,236,1
17,211,2
18,232,0
18,250,10
18,219,3
18,194,0
18,21,0
19,339,6
19,487,10
19,283,6
19,68,9
19,221,6
20,468,10
20,388,7
20,242,3
20,199,3
20,395,3
21,435,8
21,255,2
21,241,5
21,203,3
21,357,11
22,238,3
22,78,3
22,463,3
22,299,3
22,430,3
23,397,2
23,444,4
23,409,0
23,58,0
23,37,8
24,232,1
24,408,1
24,220,1
24,280,1
24,265,6
25,354,9
25,347,5
25,369,5
25,38,0
25,244,5
26,50,3
26,361,3
26,245,3
26,484,3
26,296,3
27,276,2
27,386,6
27,322,6
27,59,10
27,305,6
28,471,0
28,321,4
28,415,10
28,44,8
28,117,4
29,4,4
29,157,4
29,492,4
29,403,5
29,283,11
30,176,9
30,84,6
30,241,6
30,167,6
30,123,6
31,171,1
31,39,8
31,132,2
31,384,9
31,364,4
32,234,0
32,269,7
32,86,7
32,89,1
32,301,7
33,239,10
33,234,6
33,304,8
33,360,0
33,465,2
34,423,1
34,452,7
34,235,3
34,243,2
34,314,7
35,339,4
35,320,0
35,174,0
35,468,4
35,233,7
36,148,5
36,221,9
36,466,5
36,461,5
36,390,5
37,375,6
37,254,6
37,43,10
37,130,9
37,499,0
38,402,7
38,367,10
38,10,7
38,131,0
38,415,7
39,299,8
39,281,8
39,432,5
39,80,3
39,194,8
40,391,9
40,113,9
40,147,9
40,381,0
40,12,9
41,192,9
41,99,0
41,416,0
41,368,1
41,422,0
42,260,7
42,364,7
42,441,1
42,475,3
42,356,1
43,139,3
43,296,3
43,289,9
43,320,11
43,411,3
44,231,8
44,142,10
44,325,10
44,410,8
45,485,11
45,95,11
45,72,11
45,319,9
45,419,11
46,83,11
46,18,7
46,12,7
46,142,10
46,488,7
47,381,11
47,426,10
47,149,2
47,338,2
47,347,2
48,348,1
48,16,9
48,175,9
48,389,10
48,221,1
49,464,5
49,85,11
49,109,3
49,348,8
49,472,10
50,304,11
50,318,8
50,370,11
50,103,5
50,301,0
51,170,5
51,267,1
51,365,0
51,225,7
51,294,1
52,125,2
52,123,2
52,363,8
52,210,2
52,183,8
53,27,4
53,70,7
53,207,1
53,352,11
53,453,11
54,44,6
54,400,10
54,171,6
54,84,1
54,9,11
55,42,4
55,404,1
55,356,10
55,134,1
55,22,4
56,498,9
56,143,9
56,66,2
56,302,7
56,88,9
57,101,11
57,359,11
57,36,8
57,488,11
57,281,4
58,198,5
58,405,0
58,471,0
58,339,0
58,66,0
59,258,4
59,84,4
59,460,4
59,395,4
59,131,0
60,302,10
60,89,4
60,441,10
60,473,7
60,154,10
61,491,4
61,345,5
61,450,9
61,156,10
61,45,7
62,482,10
62,320,6
62,33,11
62,137,10
62,315,3
63,443,4
63,129,5
63,133,4
63,301,4
63,41,4
64,49,10
64,441,10
64,266,10
64,96,0
64,391,2
65,368,10
65,56,10
65,459,10
65,62,10
65,118,0
66,306,6
66,75,8
66,173,6
66,15,4
66,154,0
67,306,3
67,460,1
67,124,3
67,341,2
67,369,3
68,305,8
68,274,9
68,52,0
68,347,5
68,160,11
69,301,8
69,231,2
69,83,0
69,173,2
69,488,2
70,227,6
70,256,3
70,160,6
70,331,6
70,232,6
71,328,6
71,213,8
71,178,5
71,459,5
71,293,6
72,86,7
72,428,7
72,356,3
72,70,7
72,289,6
73,140,5
73,451,1
73,170,5
73,128,1
73,222,0
74,463,10
74,412,3
74,271,7
74,154,10
74,249,10
75,286,9
75,252,11
75,299,7
75,451,11
75,22,11
76,50,11
76,11,11
76,211,11
76,142,5
76,475,7
77,303,3
77,427,3
77,445,2
77,371,1
77,329,10
78,274,8
78,142,11
78,285,0
78,55,6
78,397,6
79,468,8
79,296,2
79,323,11
79,374,11
79,115,4
80,456,8
80,83,3
80,56,9
80,487,9
81,355,3
81,0,9
81,27,5
81,186,9
81,277,9
82,358,11
82,487,9
82,302,9
82,331,4
82,2,1
83,462,7
83,102,6
83,263,1
83,145,2
83,37,6
84,94,11
84,251,11
84,307,11
84,358,5
84,55,11
85,219,0
85,438,11
85,470,11
85,490,3
85,24,10
86,244,6
86,140,5
86,197,1
86,255,9
86,494,6
87,223,11
87,79,11
87,241,10
87,384,10
87,5,10
88,16,8
88,466,7
88,94,8
88,160,1
88,484,7
89,489,1
89,170,1
89,367,1
89,233,1
89,1,11
90,137,8
90,107,4
90,172,10
90,176,4
90,302,4
91,353,6
91,71,8
91,36,6
91,243,7
91,227,4
92,145,4
92,29,8
92,58,8
92,433,11
92,196,2
93,258,0
93,397,3
93,429,3
93,332,2
93,172,6
94,209,4
94,8,1
94,10,4
94,456,4
94,14,4
95,292,4
95,320,10
95,79,5
95,433,3
95,467,4
96,369,5
96,109,2
96,413,5
96,422,0
96,76,6
97,347,10
97,335,3
97,6,10
97,457,0
97,339,3
98,473,7
98,70,7
98,110,2
98,326,0
98,175,7
99,407,9
99,452,0
99,121,9
99,15,9
99,135,3
100,378,7
100,448,10
100,191,6
100,79,11
100,393,8
101,5,11
101,363,5
101,163,11
101,135,11
101,68,9
102,162,4
102,39,3
102,163,2
102,229,4
102,42,5
103,60,0
103,369,0
103,343,5
103,197,0
103,168,9
104,381,3
104,83,10
104,4,5
104,424,0
104,430,5
105,367,4
105,151,4
105,351,4
105,223,4
105,128,0
106,86,7
106,293,7
106,382,6
106,237,4
106,187,5
107,65,8
107,61,8
107,133,11
107,185,6
107,490,8
108,275,10
108,382,7
108,117,2
108,405,2
108,25,10
109,256,11
109,15,11
109,299,3
109,165,7
109,453,9
110,12,8
110,241,4
110,297,4
110,220,10
110,40,7
111,335,0
111,194,3
111,389,3
111,283,3
111,327,3
112,293,8
112,345,7
112,46,3
112,86,7
112,237,2
113,448,1
113,223,10
113,15,8
113,379,1
113,42,1
114,261,9
114,244,9
114,236,9
114,467,9
114,457,9
115,401,6
115,320,6
115,362,6
115,180,11
115,411,2
116,336,8
116,481,0
116,461,6
116,164,3
116,353,2
117,116,10
117,410,0
117,497,3
117,136,10
117,41,3
118,406,5
118,389,7
118,449,7
118,166,7
118,272,7
119,256,1
119,373,3
119,270,1
119,435,1
119,148,9
120,327,8
120,158,8
120,493,8
120,126,0
120,13,8
121,5,5
121,314,8
121,352,5
121,9,3
121,183,5
122,488,6
122,125,1
122,312,0
122,383,9
122,420,6
123,87,5
123,114,5
123,59,5
123,308,5
123,124,10
124,181,11
124,386,5
124,57,4
124,431,3
124,392,1
125,378,11
125,164,7
125,281,11
125,184,0
125,64,11
126,295,2
126,386,1
126,330,6
126,84,6
126,235,2
127,1,0
127,350,5
127,364,11
127,215,0
127,66,7
128,189,7
128,224,4
128,91,8
128,114,0
128,291,4
129,295,5
129,388,0
129,7,7
129,451,0
129,330,7
130,314,1
130,366,0
130,56,10
130,370,2
130,196,1
131,439,7
131,396,7
131,148,1
131,179,8
131,419,8
132,321,9
132,274,6
132,295,9
132,242,6
132,275,9
133,181,7
133,185,5
133,167,6
133,195,10
133,182,7
134,373,4
134,400,10
134,86,10
134,394,8
134,160,11
135,45,9
135,493,9
135,313,9
135,245,2
135,204,3
136,234,11
136,34,11
136,324,11
136,384,7
136,421,1
137,230,1
137,380,1
137,325,1
137,28,9
137,69,1
138,345,3
138,36,3
138,248,5
138,483,6
138,381,1
139,398,3
139,64,2
139,133,4
139,160,7
139,347,6
140,13,10
140,375,6
140,26,6
140,497,5
140,165,6
141,288,9
141,188,5
141,269,1
141,31,5
141,246,4
142,51,5
142,347,4
142,359,5
142,371,3
142,88,5
143,124,10
143,36,10
143,342,11
143,443,5
143,291,10
144,224,10
144,313,7
144,352,9
144,141,7
144,261,7
145,236,11
145,51,11
145,255,8
145,243,11
145,279,8
146,279,0
146,67,0
146,9,0
146,189,0
146,199,0
147,305,1
147,250,10
147,480,4
147,40,9
147,421,10
148,286,1
148,466,7
148,199,7
148,167,6
148,81,7
149,371,10
149,338,7
149,196,10
149,462,10
149,378,10
150,161,2
150,378,4
150,373,4
150,146,11
150,484,5
151,143,5
151,105,1
151,485,2
151,479,1
151,285,11
152,447,11
152,43,11
152,198,4
152,126,11
152,311,10
153,290,1
153,328,8
153,449,4
153,118,7
153,107,0
154,310,10
154,467,9
154,138,7
154,431,10
154,151,8
155,399,0
155,227,0
155,414,8
155,306,11
155,473,3
156,365,4
156,317,5
156,439,2
156,206,4
157,91,5
157,497,5
157,346,2
157,263,5
157,340,10
158,389,6
158,244,8
158,3,11
158,359,3
158,355,6
159,386,1
159,240,11
159,224,10
159,230,0
159,462,10
160,260,6
160,483,4
160,232,5
160,364,6
160,430,6
161,440,9
161,67,3
161,105,6
161,17,5
161,160,8
162,453,1
162,385,6
162,143,6
162,237,9
162,227,6
163,455,3
163,460,3
163,236,3
163,489,1
163,359,6
164,428,9
164,215,9
164,442,10
164,321,6
164,363,6
165,272,9
165,407,0
165,289,4
165,240,6
165,264,8
166,282,2
166,138,6
166,157,4
166,462,5
166,41,5
167,90,8
167,67,11
167,117,4
167,60,6
167,323,5
168,274,8
168,471,8
168,227,7
168,340,3
168,150,8
169,423,8
169,363,8
169,130,8
169,446,9
169,133,8
170,26,3
170,34,7
170,43,0
170,78,1
170,316,5
171,54,11
171,160,11
171,353,11
171,232,11
171,21,5
172,91,9
172,142,1
172,281,3
172,378,5
172,478,0
173,343,3
173,124,5
173,73,7
173,374,3
173,32,8
174,379,8
174,433,11
174,372,8
174,317,8
174,495,8
175,136,0
175,42,0
175,454,6
175,162,11
175,224,7
176,106,10
176,399,6
176,81,9
176,82,6
176,152,6
177,194,1
177,396,8
177,126,8
177,337,8
177,175,5
178,89,8
178,405,11
178,373,6
178,26,11
178,463,2
179,241,2
179,448,3
179,392,5
179,57,7
179,471,2
180,15,2
180,395,2
180,383,3
180,45,2
180,431,2
181,201,8
181,405,11
181,391,2
181,98,6
181,261,7
182,339,9
182,90,9
182,260,9
182,300,9
182,491,9
183,45,4
183,399,7
183,453,9
183,261,4
183,230,4
184,400,8
184,376,8
184,482,8
184,269,8
184,308,3
185,111,11
185,420,9
185,357,10
185,274,1
185,120,1
186,341,8
186,252,5
186,455,0
186,48,6
186,355,4
187,14,6
187,85,0
187,376,2
187,464,2
187,368,7
188,336,9
188,111,9
188,267,10
188,428,9
188,287,3
189,343,4
189,75,10
189,239,1
189,332,3
189,253,3
190,141,11
190,116,8
190,400,11
190,436,1
190,164,4
191,228,3
191,212,0
191,114,4
191,59,0
191,86,0
192,253,4
192,185,11
192,481,10
192,83,11
192,12,11
193,135,6
193,317,7
193,72,7
193,376,7
193,263,7
194,373,4
194,194,9
194,46,6
194,14,11
194,102,8
195,13,4
195,298,2
195,9,2
195,39,2
195,44,5
196,144,11
196,194,11
196,217,11
196,383,5
196,237,9
197,130,6
197,102,1
197,163,4
197,489,6
197,486,11
198,290,2
198,277,2
198,10,4
198,200,2
198,494,2
199,326,10
199,60,1
199,407,9
199,410,3
199,32,9
200,375,8
200,94,8
200,451,8
200,137,3
200,329,8
201,75,8
201,58,8
201,184,11
201,300,9
201,236,1
202,53,4
202,254,4
202,34,5
202,44,2
202,175,5
203,149,7
203,424,5
203,489,2
203,123,3
203,80,9
204,489,0
204,105,0
204,389,3
204,176,6
204,288,3
205,397,5
205,418,2
205,126,6
205,417,10
205,381,2
206,102,5
206,418,10
206,77,11
206,494,5
206,175,5
207,410,9
207,224,9
207,129,1
207,100,9
207,367,9
208,476,4
208,277,4
208,420,10
208,204,8
208,189,0
209,266,9
209,32,11
209,487,3
209,11,0
209,277,3
210,252,1
210,472,1
210,171,6
210,173,1
210,427,1
211,231,6
211,206,6
211,35,7
211,318,6
211,176,4
212,448,4
212,404,9
212,458,9
212,487,5
212,470,3
213,128,5
213,51,4
213,139,5
213,411,5
213,317,7
214,160,1
214,433,0
214,172,1
214,233,0
214,37,0
215,431,9
215,297,9
215,144,0
215,156,7
215,380,9
216,473,9
216,383,9
216,156,9
216,452,9
216,137,9
217,321,0
217,41,3
217,102,0
217,155,0
217,382,0
218,487,8
218,22,9
218,354,11
218,223,9
218,352,4
219,24,11
219,261,11
219,19,11
219,207,6
219,368,11
220,377,1
220,141,1
220,215,1
220,67,7
220,157,5
221,258,7
221,400,9
221,273,8
221,214,1
221,464,9
222,409,3
222,350,4
222,76,7
222,167,3
222,438,3
223,206,11
223,335,9
223,36,1
223,288,11
223,113,11
224,120,3
224,208,10
224,70,7
224,107,7
224,271,3
225,454,8
225,50,0
225,358,10
225,234,10
225,117,10
226,68,9
226,124,9
226,49,9
226,230,7
226,356,9
227,76,6
227,68,5
227,433,5
227,120,3
227,45,2
228,42,9
228,94,0
228,479,9
228,81,9
228,459,9
229,85,9
229,65,6
229,280,9
229,209,5
229,326,9
230,36,0
230,180,3
230,293,5
230,73,8
230,486,11
231,479,10
231,14,10
231,314,10
231,320,1
231,61,10
232,443,11
232,126,11
232,102,11
232,427,9
232,402,11
233,64,4
233,2,3
233,263,7
233,173,4
233,464,4
234,288,10
234,347,9
234,329,9
234,185,9
234,70,1
235,358,3
235,288,3
235,48,3
235,114,4
235,202,3
236,438,11
236,4,1
236,253,11
236,157,11
236,264,11
237,403,3
237,242,10
237,25,10
237,306,10
237,93,2
238,488,8
238,395,4
238,283,8
238,45,8
238,381,8
239,224,9
239,491,7
239,449,4
239,265,7
239,453,6
240,53,7
240,92,7
240,5,7
240,83,7
240,285,6
241,234,11
241,221,3
241,395,2
241,407,0
241,290,11
242,246,11
242,86,11
242,412,6
242,3,11
242,334,11
243,38,5
243,313,9
243,322,9
243,261,9
243,94,6
244,201,1
244,16,1
244,58,1
244,62,1
244,431,1
245,408,6
245,305,6
245,181,0
245,270,7
245,49,3
246,25,8
246,245,6
246,32,11
246,249,8
246,272,8
247,288,11
247,247,8
247,264,8
247,31,9
247,141,11
248,443,5
248,420,0
248,47,1
248,38,0
248,197,10
249,18,0
249,446,2
249,274,8
249,257,0
249,318,6
250,258,10
250,416,1
250,109,9
250,180,10
250,244,2
251,172,11
251,64,10
251,200,10
251,390,4
251,146,7
252,215,1
252,230,10
252,274,10
252,281,10
252,262,2
253,63,7
253,249,4
253,194,5
253,132,1
253,181,5
254,69,4
254,203,2
254,144,2
254,81,2
254,59,9
255,223,5
255,232,5
255,428,5
255,439,11
255,386,7
256,260,4
256,201,8
256,410,6
256,92,8
256,133,8
257,161,1
257,134,10
257,96,5
257,298,10
258,344,3
258,376,6
258,253,8
258,181,10
258,55,9
259,485,6
259,423,9
259,118,9
259,146,8
259,176,6
260,349,9
260,358,11
260,197,11
260,151,2
260,110,2
261,39,11
261,271,4
261,412,6
261,134,6
261,218,5
262,454,7
262,209,7
262,37,7
262,276,0
262,99,2
263,29,11
263,192,11
263,401,11
263,182,4
263,91,11
264,283,4
264,366,11
264,248,1
264,106,5
264,234,8
265,287,4
265,427,1
265,300,1
265,245,8
265,315,0
266,54,7
266,257,4
266,386,7
266,46,5
266,351,6
267,451,7
267,469,7
267,474,4
267,17,7
267,90,10
268,124,3
268,40,6
268,472,3
268,303,10
268,426,10
269,42,10
269,206,10
269,360,2
269,149,6
269,177,10
270,211,6
270,120,7
270,420,6
270,78,4
270,424,9
271,56,1
271,212,0
271,463,1
271,426,1
271,281,1
272,353,2
272,157,2
272,341,4
272,311,2
272,81,0
273,347,6
273,254,7
273,60,4
273,373,2
273,6,2
274,391,10
274,443,10
274,6,10
274,360,10
274,21,10
275,284,4
275,493,9
275,79,1
275,279,5
275,444,9
276,178,5
276,54,1
276,302,5
276,9,1
276,306,5
277,435,3
277,158,8
277,141,4
277,3,8
277,244,7
278,34,10
278,338,9
278,378,11
278,277,0
278,197,9
279,39,3
279,226,10
279,215,3
279,127,3
279,99,2
280,319,1
280,128,1
280,421,1
280,430,3
280,406,2
281,418,6
281,354,6
281,472,4
281,246,6
281,173,10
282,116,5
282,169,9
282,329,9
282,11,9
282,307,9
283,429,2
283,276,11
283,211,7
283,489,4
283,448,1
284,300,10
284,167,11
284,348,7
284,397,1
284,325,0
285,337,9
285,205,9
285,143,9
285,398,9
285,0,0
286,96,7
286,241,7
286,101,10
286,127,7
286,108,8
287,24,8
287,348,0
287,318,2
287,388,0
287,371,10
288,96,11
288,12,0
288,323,10
288,348,6
288,250,11
289,362,8
289,407,4
289,387,5
289,484,5
289,416,6
290,173,0
290,430,0
290,474,0
290,47,11
290,210,0
291,183,2
291,277,4
291,247,8
291,338,4
291,22,9
292,456,2
292,222,3
292,163,3
292,97,3
292,91,3
293,441,5
293,496,4
293,179,1
293,370,6
293,164,1
294,388,1
294,265,6
294,407,5
294,60,1
294,387,7
295,440,3
295,211,8
295,207,5
295,63,2
295,3,3
296,208,6
296,95,6
296,136,6
296,43,2
296,396,3
297,309,2
297,344,2
297,339,4
297,210,1
297,479,10
298,97,10
298,24,6
298,395,10
298,117,8
298,497,7
299,334,0
299,312,4
299,427,4
299,414,4
299,105,4
300,454,4
300,347,2
300,44,5
300,497,4
301,248,4
301,350,6
301,2,4
301,390,4
301,127,0
302,129,0
302,493,8
302,86,0
302,257,0
302,466,2
303,22,6
303,240,5
303,210,5
303,277,5
303,36,5
304,240,1
304,149,8
304,83,0
304,328,9
304,431,9
305,37,7
305,421,1
305,36,1
305,446,0
305,73,7
306,380,3
306,221,1
306,171,0
306,38,2
306,331,0
307,204,10
307,451,10
307,308,10
307,111,10
307,120,10
308,462,7
308,446,7
308,55,7
308,324,7
308,411,2
309,254,6
309,464,11
309,329,4
309,490,11
309,269,4
310,42,7
310,466,7
310,404,7
310,48,5
310,143,8
311,324,7
311,326,2
311,365,1
311,11,6
311,363,6
312,231,6
312,438,1
312,131,8
312,271,1
312,48,1
313,79,7
313,218,1
313,155,7
313,69,1
313,335,9
314,365,3
314,190,3
314,141,11
314,247,8
314,454,5
315,59,1
315,236,1
315,11,1
315,184,7
315,289,1
316,246,9
316,191,5
316,228,3
316,356,5
316,128,5
317,489,0
317,115,5
317,125,2
317,11,5
317,260,0
318,437,5
318,21,6
318,107,5
318,15,0
318,388,1
319,316,9
319,76,0
319,250,0
319,464,8
319,6,9
320,8,9
320,397,1
320,327,3
320,35,8
320,169,6
321,330,6
321,403,6
321,148,10
321,462,6
321,190,10
322,22,6
322,293,6
322,423,2
322,199,2
322,5,6
323,371,8
323,222,3
323,416,9
323,84,2
323,391,1
324,387,3
324,211,3
324,61,3
324,39,3
324,499,9
325,71,8
325,204,7
325,379,11
325,374,7
325,464,7
326,83,4
326,377,4
326,336,9
326,191,3
326,244,11
327,294,6
327,402,8
327,224,3
327,460,10
327,407,9
328,221,7
328,397,9
328,250,7
328,155,9
328,95,10
329,100,1
329,278,10
329,413,11
329,99,8
329,25,11
330,336,9
330,159,7
330,49,9
330,323,9
330,348,10
331,106,1
331,234,1
331,179,6
331,214,3
331,432,5
332,491,2
332,332,0
332,472,9
332,386,0
332,389,0
333,161,3
333,372,7
333,293,11
333,362,7
333,63,7
334,99,10
334,457,2
334,79,3
334,385,7
334,379,4
335,247,6
335,3,4
335,494,9
335,39,8
335,146,6
336,133,9
336,461,0
336,242,9
336,383,9
336,405,9
337,472,0
337,386,0
337,415,11
337,187,0
337,348,6
338,124,1
338,457,6
338,191,3
338,91,9
338,127,1
339,161,9
339,31,8
339,404,0
339,29,8
339,28,11
340,422,5
340,362,4
340,416,3
340,333,3
340,361,4
341,214,9
341,38,11
341,13,9
341,367,1
341,408,0
342,66,7
342,115,2
342,143,2
342,231,4
342,372,3
343,192,3
343,52,8
343,28,4
343,39,10
343,164,1
344,394,7
344,306,0
344,420,8
344,138,2
344,167,0
345,188,3
345,460,0
345,204,3
345,384,5
345,286,10
346,102,7
346,428,5
346,462,5
346,365,3
346,153,6
347,427,6
347,94,9
347,252,6
347,429,1
347,262,10
348,468,2
348,216,9
348,155,10
348,133,2
348,180,2
349,332,6
349,116,8
349,333,6
349,66,8
349,432,0
350,166,9
350,427,2
350,184,5
350,26,6
350,345,4
351,352,0
351,313,6
351,149,8
351,496,0
351,343,0
352,387,6
352,289,1
352,292,8
352,322,1
352,352,9
353,477,0
353,198,2
353,119,6
353,469,8
353,45,6
354,112,4
354,253,5
354,317,10
354,261,5
354,125,8
355,307,2
355,89,8
355,196,2
355,393,5
356,419,8
356,355,2
356,344,0
356,218,8
356,295,7
357,335,6
357,192,10
357,83,0
357,204,2
357,421,5
358,266,2
358,332,8
358,9,4
358,205,8
358,118,3
359,39,1
359,410,2
359,459,1
359,358,4
359,120,3
360,311,3
360,17,3
360,39,3
360,437,2
360,27,1
361,82,4
361,275,11
361,15,2
361,213,2
361,220,8
362,46,7
362,330,7
362,318,3
362,491,3
362,448,7
363,242,3
363,225,1
363,211,5
363,138,5
363,185,5
364,13,9
364,12,3
364,98,3
364,490,5
364,27,3
365,139,4
365,374,2
365,453,9
365,298,2
365,250,2
366,358,2
366,423,11
366,125,2
366,382,3
366,84,6
367,177,4
367,319,2
367,352,7
367,180,6
367,431,11
368,232,11
368,161,11
368,350,11
368,137,6
368,484,11
369,328,9
369,307,9
369,375,7
369,398,3
369,208,7
370,304,7
370,75,8
370,149,5
370,18,7
370,398,4
371,360,8
371,499,5
371,130,0
371,470,0
371,483,10
372,154,1
372,191,1
372,378,5
372,73,6
372,290,1
373,389,10
373,66,4
373,32,4
373,260,11
373,108,9
374,290,3
374,314,5
374,452,4
374,140,4
374,435,8
375,464,0
375,423,2
375,201,2
375,327,2
375,74,2
376,188,3
376,387,3
376,113,3
376,333,3
376,276,2
377,347,4
377,453,3
377,383,3
377,389,2
377,451,5
378,46,5
378,342,5
378,365,5
378,426,10
378,209,5
379,278,6
379,218,6
379,402,6
379,360,11
379,374,6
380,364,4
380,333,4
380,286,4
380,228,4
380,306,8
381,143,2
381,164,2
381,280,2
381,79,11
381,245,6
382,429,11
382,122,4
382,483,10
382,237,10
382,375,10
383,296,6
383,332,4
383,105,9
383,66,0
383,158,9
384,444,11
384,291,5
384,272,9
384,204,3
384,327,3
385,138,3
385,384,11
385,20,5
385,117,3
385,174,5
386,393,11
386,90,11
386,212,11
386,259,9
386,86,11
387,321,11
387,472,9
387,292,11
387,431,10
387,109,11
388,104,7
388,195,7
388,462,7
388,483,7
388,148,9
389,313,8
389,137,5
389,70,6
389,60,7
389,404,6
390,494,8
390,102,8
390,382,11
390,190,9
390,337,0
391,458,6
391,75,5
391,349,6
391,41,10
391,206,0
392,267,2
392,441,2
392,282,4
392,30,2
392,357,4
393,494,11
393,393,0
393,426,4
393,201,4
393,385,3
394,151,9
394,435,10
394,425,10
394,424,3
394,422,10
395,435,3
395,413,10
395,266,1
395,106,6
395,4,4
396,193,11
396,178,5
396,5,5
396,135,1
396,412,10
397,278,1
397,356,11
397,110,2
397,358,5
397,496,11
398,108,11
398,104,1
398,27,11
398,479,8
398,379,1
399,453,4
399,134,10
399,290,4
399,279,4
399,171,11
400,398,7
400,325,1
400,33,7
400,205,5
400,331,11
401,374,11
401,445,5
401,74,2
401,453,3
401,324,3
402,246,5
402,46,3
402,223,1
402,331,9
402,469,1
403,138,10
403,63,10
403,327,0
403,422,10
403,443,10
404,27,10
404,139,2
404,475,8
404,192,10
404,308,10
405,257,3
405,25,8
405,444,10
405,366,2
405,440,3
406,8,8
406,388,8
406,483,8
406,310,3
406,193,11
407,107,0
407,8,1
407,442,4
407,448,4
407,445,1
408,244,5
408,263,5
408,165,5
408,488,11
408,84,8
409,381,10
409,204,2
409,61,9
409,400,9
409,232,9
410,395,10
410,80,5
410,87,5
410,128,5
410,23,5
411,337,1
411,242,2
411,148,1
411,293,1
411,166,1
412,222,10
412,496,4
412,326,9
412,316,8
412,263,9
413,199,9
413,184,4
413,339,8
413,378,4
413,347,3
414,280,7
414,481,7
414,137,11
414,14,2
414,209,4
415,292,6
415,88,2
415,86,2
415,5,2
415,225,0
416,95,0
416,227,0
416,236,0
416,81,0
416,327,0
417,104,1
417,288,6
417,128,9
417,190,9
417,255,4
418,61,10
418,442,10
418,425,10
418,395,4
418,65,9
419,305,2
419,183,0
419,180,8
419,476,0
419,309,10
420,159,5
420,409,11
420,174,11
420,235,2
420,298,1
421,428,4
421,210,4
421,325,5
421,244,5
421,165,10
422,183,3
422,184,0
422,56,2
422,197,7
422,93,9
423,414,11
423,89,6
423,209,8
423,227,11
423,400,10
424,180,4
424,297,4
424,412,4
424,487,6
424,171,4
425,254,11
425,468,2
425,175,1
425,235,7
425,114,1
426,296,8
426,408,8
426,442,8
426,123,8
426,237,8
427,316,5
427,333,8
427,179,8
427,22,3
427,488,3
428,172,10
428,383,8
428,232,8
428,279,7
428,421,10
429,57,3
429,201,9
429,389,9
429,206,4
429,391,2
430,451,2
430,203,2
430,480,2
430,133,2
430,318,0
431,243,8
431,294,5
431,472,6
431,327,8
431,343,6
432,339,6
432,397,10
432,492,6
432,179,7
432,316,4
433,466,8
433,247,10
433,139,0
433,457,1
433,365,8
434,288,11
434,279,11
434,109,9
434,359,11
434,302,7
435,287,7
435,430,3
435,159,3
435,405,3
435,333,4
436,72,4
436,61,1
436,429,1
436,92,1
436,477,1
437,416,4
437,440,11
437,160,5
437,77,8
437,85,7
438,263,8
438,9,0
438,246,2
438,211,8
438,10,8
439,292,2
439,32,5
439,376,3
439,492,3
439,418,0
440,171,0
440,325,1
440,131,3
440,334,10
440,46,3
441,134,10
441,353,11
441,83,6
441,474,6
441,330,6
442,100,10
442,477,11
442,4,11
442,323,9
442,498,10
443,441,5
443,471,4
443,474,9
443,424,5
443,232,5
444,111,2
444,471,9
444,487,5
444,134,1
444,234,1
445,77,10
445,486,9
445,405,9
445,384,4
445,123,9
446,76,0
446,4,0
446,70,0
446,365,0
446,282,0
447,372,11
447,199,11
447,281,7
447,368,3
447,299,11
448,266,6
448,280,9
448,104,9
448,191,9
448,439,10
449,157,10
449,332,10
449,72,10
449,199,8
449,481,10
450,70,10
450,438,3
450,49,6
450,205,6
450,305,6
451,367,9
451,22,1
451,200,1
451,295,6
451,430,6
452,438,9
452,377,4
452,210,4
452,467,9
452,375,0
453,114,11
453,215,1
453,189,4
453,124,2
453,92,2
454,233,5
454,438,5
454,483,4
454,459,5
454,450,7
455,290,5
455,1,5
455,15,5
455,11,9
455,273,5
456,467,7
456,13,7
456,261,7
456,5,7
456,57,7
457,277,2
457,385,2
457,445,8
457,101,8
457,356,8
458,364,6
458,489,6
458,14,9
458,316,1
458,185,8
459,32,11
459,450,0
459,251,6
459,376,10
459,414,10
460,324,9
460,191,3
460,120,8
460,138,9
460,65,1
461,273,0
461,462,9
461,407,0
461,254,5
461,204,0
462,350,9
462,62,6
462,258,6
462,421,6
462,162,6
463,431,2
463,134,6
463,165,1
463,472,6
463,2,4
464,13,10
464,115,3
464,219,5
464,200,4
464,437,2
465,227,8
465,55,8
465,489,2
465,48,8
465,418,3
466,237,0
466,461,0
466,305,9
466,102,0
466,427,8
467,469,8
467,392,11
467,434,1
467,2,9
467,430,9
468,365,1
468,89,6
468,137,10
468,37,5
468,495,6
469,222,9
469,86,3
469,56,3
469,454,11
469,213,7
470,187,3
470,447,10
470,61,7
470,223,1
470,5,5
471,215,2
471,77,2
471,198,3
471,165,2
471,197,2
472,436,10
472,282,10
472,143,10
472,251,0
472,3,10
473,472,11
473,95,11
473,179,11
473,419,3
473,209,11
474,165,9
474,235,4
474,233,9
474,209,3
474,146,9
475,441,7
475,494,2
475,33,0
475,217,6
475,488,7
476,498,5
476,433,5
476,207,5
476,438,0
476,79,8
477,466,7
477,163,7
477,189,1
477,344,3
477,445,11
478,80,5
478,206,8
478,396,1
478,47,1
478,210,1
479,144,6
479,106,3
479,325,6
479,112,2
479,373,6
480,293,0
480,457,8
480,279,0
480,72,0
480,310,0
481,197,6
481,70,6
481,124,5
481,487,6
481,386,6
482,164,7
482,25,3
482,310,2
482,105,3
482,499,3
483,341,3
483,499,3
483,200,3
483,389,3
483,391,2
484,326,6
484,180,10
484,274,10
484,343,0
484,162,6
485,466,5
485,334,6
485,146,6
485,232,6
485,459,6
486,324,10
486,28,3
486,348,1
486,65,7
486,477,7
487,420,10
487,447,10
487,10,8
487,452,10
487,289,4
488,357,7
488,166,1
488,213,2
488,115,2
488,449,7
489,211,1
489,475,9
489,429,6
489,85,11
489,116,9
490,170,11
490,164,11
490,303,9
490,268,11
490,132,11
491,66,4
491,350,11
491,42,2
491,292,2
491,85,11
492,241,5
492,242,1
492,51,5
492,357,7
492,223,2
493,428,9
493,352,9
493,226,11
493,424,3
493,332,9
494,285,5
494,112,0
494,183,0
494,411,0
494,304,5
495,67,7
495,174,2
495,371,2
495,369,2
495,124,10
496,11,7
496,280,5
496,341,9
496,400,9
496,347,9
497,162,11
497,18,4
497,495,3
497,29,0
497,137,0
498,313,3
498,100,4
498,8,3
498,352,3
498,386,3
499,468,5
499,291,10
499,489,8
499,355,1
499,203,6
500,370,6
500,264,9
500,68,6
500,439,7
500,258,7
501,169,5
501,116,5
501,32,2
501,494,11
501,474,2
502,465,2
502,456,2
502,272,8
502,146,1
502,148,8
503,428,11
503,141,3
503,333,3
503,6,3
503,317,8
504,344,0
504,440,1
504,455,1
504,230,1
504,27,1
505,149,5
505,431,7
505,159,8
505,291,8
505,391,9
506,4,7
506,1,7
506,410,7
506,312,0
506,71,0
507,210,8
507,71,8
507,302,3
507,357,8
507,142,3
508,29,4
508,106,5
508,165,3
508,142,11
508,271,11
509,177,6
509,140,2
509,70,7
509,332,1
509,306,0
510,160,0
510,130,3
510,161,0
510,99,7
510,199,6
511,64,3
511,235,3
511,328,8
511,417,5
511,318,5
512,193,10
512,62,0
512,276,4
512,110,4
512,419,10
513,174,11
513,301,11
513,242,5
513,276,11
513,398,11
514,139,9
514,82,5
514,33,9
514,244,7
514,270,2
515,75,5
515,254,11
515,290,5
515,181,9
515,238,2
516,70,10
516,88,5
516,76,11
516,345,3
516,489,7
517,193,9
517,258,4
517,342,8
517,232,4
517,369,4
518,235,1
518,65,7
518,110,7
518,150,3
518,63,7
519,433,3
519,167,3
519,235,3
519,51,3
519,418,1
520,352,6
520,409,5
520,407,2
520,181,7
520,394,8
521,229,7
521,87,1
521,223,6
521,242,0
521,393,7
522,16,6
522,435,6
522,351,6
522,104,6
522,448,2
523,392,10
523,477,10
523,57,10
523,486,3
523,330,10
524,356,5
524,484,10
524,366,0
524,478,11
524,82,2
525,3,3
525,485,9
525,183,4
525,76,8
525,2,0
526,318,0
526,90,2
526,103,1
526,445,4
526,305,10
527,91,1
527,101,9
527,8,1
527,422,1
527,306,1
528,337,4
528,226,4
528,70,8
528,116,4
528,375,4
529,118,0
529,473,7
529,85,4
529,81,2
529,431,3
530,78,9
530,39,9
530,345,4
530,180,5
530,223,9
531,170,5
531,307,8
531,266,8
531,438,6
531,136,8
532,64,8
532,494,2
532,95,0
532,268,0
532,179,0
533,151,8
533,385,3
533,417,8
533,373,8
533,365,8
534,164,10
534,449,7
534,492,7
534,454,11
534,118,7
535,443,7
535,336,5
535,259,4
535,406,10
535,185,10
536,129,0
536,113,0
536,468,5
536,394,0
536,409,0
537,217,9
537,104,0
537,288,6
537,463,9
537,21,11
538,441,2
538,173,9
538,386,2
538,48,4
538,237,3
539,157,10
539,95,10
539,244,4
539,434,10
539,184,9
540,306,0
540,408,6
540,186,10
540,329,11
540,386,6
541,17,8
541,419,7
541,261,7
541,405,2
541,106,8
542,266,0
542,269,1
542,103,4
542,187,0
542,281,11
543,190,11
543,109,4
543,135,10
543,486,2
543,166,8
544,419,6
544,285,2
544,136,3
544,290,6
544,388,2
545,303,2
545,250,2
545,440,2
545,347,4
545,484,11
546,214,7
546,279,8
546,17,3
546,183,7
546,216,7
547,143,5
547,372,0
547,47,10
547,445,10
547,307,1
548,333,1
548,351,4
548,52,0
548,238,11
548,6,11
549,395,2
549,84,0
549,351,0
549,281,0
549,129,0
550,63,2
550,89,10
550,440,10
550,394,4
550,34,2
551,43,4
551,344,9
551,35,5
551,345,2
551,329,1
552,144,0
552,214,3
552,147,2
552,371,11
552,386,3
553,308,1
553,302,11
553,196,6
553,190,1
553,283,4
554,284,3
554,426,9
554,482,9
554,35,9
554,159,4
555,365,8
555,267,8
555,239,8
555,12,8
555,336,8
556,477,2
556,285,0
556,381,2
556,396,10
556,222,4
557,124,2
557,142,5
557,67,11
557,336,3
557,165,3
558,60,3
558,449,9
558,233,8
558,51,8
558,32,10
559,244,4
559,461,4
559,451,4
559,118,5
559,187,0
560,433,6
560,460,2
560,43,11
560,272,2
560,29,2
561,322,0
561,453,7
561,11,2
561,261,10
561,200,9
562,27,0
562,264,6
562,414,0
562,74,0
562,188,0
563,286,3
563,491,9
563,178,0
563,264,10
563,27,0
564,138,10
564,123,10
564,188,10
564,329,10
564,18,10
565,75,2
565,349,11
565,106,2
565,107,2
565,122,6
566,107,0
566,156,5
566,260,6
566,54,9
566,200,2
567,49,1
567,475,6
567,136,2
567,330,2
567,321,5
568,80,3
568,461,4
568,255,11
568,132,2
568,86,10
569,83,6
569,218,6
569,256,8
569,54,6
569,291,6
570,64,3
570,246,0
570,185,1
570,42,1
570,49,4
571,121,3
571,334,10
571,18,4
571,457,9
571,454,3
572,365,2
572,136,11
572,244,2
572,328,2
572,207,2
573,338,10
573,329,10
573,401,10
573,415,10
573,90,10
574,316,5
574,388,2
574,154,7
574,244,7
574,185,5
575,491,4
575,18,11
575,404,4
575,329,4
575,216,4
576,156,0
576,2,1
576,338,8
576,339,8
576,214,7
577,85,1
577,106,10
577,159,9
577,7,1
577,371,0
578,347,1
578,323,5
578,325,5
578,449,2
578,424,9
579,415,4
579,185,4
579,152,11
579,171,4
579,89,3
580,416,9
580,185,9
580,46,6
580,227,3
580,228,5
581,15,5
581,143,0
581,473,4
581,332,5
581,261,1
582,293,10
582,110,1
582,135,6
582,444,10
582,333,3
583,0,6
583,86,6
583,112,9
583,308,6
583,430,6
584,10,4
584,385,11
584,395,8
584,135,3
584,3,11
585,243,4
585,7,8
585,194,7
585,121,2
585,61,2
586,284,2
586,443,2
586,57,1
586,495,6
586,100,9
587,53,1
587,221,0
587,157,11
587,497,9
587,310,2
588,253,3
588,219,7
588,97,7
588,262,3
588,215,7
589,136,9
589,454,9
589,142,9
589,369,9
589,407,1
590,284,3
590,275,2
590,151,7
590,448,3
590,446,7
591,199,11
591,458,11
591,121,1
591,119,1
591,59,2
592,79,3
592,312,5
592,297,4
592,172,1
592,29,8
593,353,7
593,172,6
593,140,7
593,146,9
593,320,7
594,302,7
594,436,11
594,413,2
594,479,1
594,453,4
595,334,5
595,288,11
595,490,6
595,37,1
595,355,0
596,301,1
596,212,2
596,118,5
596,415,2
596,336,2
597,170,7
597,310,3
597,491,8
597,96,8
597,311,9
598,377,6
598,13,6
598,77,1
598,393,5
598,136,6
599,353,6
599,103,1
599,450,4
599,280,2
599,245,1
600,222,2
600,406,1
600,186,10
600,152,11
600,472,11
601,136,7
601,400,6
601,483,4
601,91,7
601,413,3
602,186,8
602,375,0
602,51,0
602,233,11
602,22,2
603,179,2
603,246,4
603,113,2
603,441,2
603,456,5
604,153,0
604,308,0
604,124,11
604,279,0
604,53,2
605,102,4
605,484,4
605,336,4
605,350,4
605,7,4
606,59,10
606,179,0
606,440,4
606,267,11
606,30,10
607,112,8
607,190,5
607,332,6
607,12,0
607,451,8
608,96,2
608,23,10
608,51,9
608,66,3
608,468,9
609,331,0
609,179,0
609,184,10
609,329,0
609,223,1
610,95,2
610,495,7
610,250,2
610,475,2
610,279,2
611,173,6
611,250,6
611,423,4
611,179,6
611,168,4
612,495,5
612,392,5
612,91,4
612,215,5
612,96,7
613,127,7
613,243,10
613,76,2
613,90,9
613,46,9
614,69,5
614,409,0
614,292,6
614,442,3
615,167,1
615,486,7
615,281,1
615,453,7
615,462,1
616,84,9
616,252,9
616,37,10
616,282,2
616,194,9
617,248,5
617,303,3
617,289,8
617,28,5
617,429,8
618,35,4
618,161,1
618,312,6
618,6,4
618,182,2
619,289,5
619,4,5
619,80,5
619,73,1
619,60,7
620,388,9
620,265,3
620,10,1
620,257,9
620,12,9
621,219,9
621,303,0
621,349,9
621,175,5
621,446,2
622,110,6
622,356,6
622,347,6
622,84,6
622,277,9
623,343,0
623,162,0
623,286,4
623,443,5
623,308,0
624,12,4
624,115,10
624,366,10
624,61,7
624,239,6
625,163,2
625,224,2
625,80,2
625,229,0
625,338,2
626,172,10
626,1,8
626,333,4
626,331,8
626,382,8
627,85,9
627,288,10
627,471,9
627,468,5
627,351,9
628,230,9
628,250,10
628,405,9
628,353,9
628,66,9
629,43,9
629,90,7
629,49,4
629,12,4
629,457,11
630,224,2
630,455,6
630,319,2
630,432,5
630,36,6
631,226,6
631,243,9
631,141,4
631,107,7
631,238,3
632,292,10
632,306,4
632,359,5
632,60,5
632,232,5
633,139,5
633,482,11
633,366,2
633,318,0
633,95,2
634,179,6
634,280,3
634,349,7
634,413,3
634,462,2
635,89,0
635,90,8
635,484,8
635,279,2
635,19,11
636,177,4
636,218,1
636,150,8
636,49,1
636,89,0
637,139,1
637,247,4
637,32,1
637,436,1
637,373,8
638,412,1
638,351,10
638,239,7
638,88,7
638,429,5
639,67,11
639,432,5
639,329,3
639,104,4
639,464,0
640,41,3
640,126,7
640,3,7
640,154,10
640,0,11
641,478,2
641,462,2
641,119,2
641,404,0
641,268,2
642,259,5
642,433,5
642,478,5
642,314,2
642,328,10
643,66,11
643,230,1
643,408,7
643,21,2
643,151,11
644,291,7
644,482,1
644,334,6
644,150,0
644,36,1
645,374,1
645,203,9
645,9,5
645,200,1
645,260,3
646,10,11
646,54,11
646,114,11
646,436,11
646,223,11
647,340,7
647,57,11
647,90,4
647,412,10
647,37,7
648,171,10
648,258,10
648,448,1
648,71,11
648,477,1
649,406,1
649,230,1
649,494,1
649,405,1
649,36,1
650,416,10
650,217,10
650,291,11
650,18,6
650,13,10
651,489,2
651,181,2
651,7,0
651,96,6
651,470,0
652,85,1
652,290,1
652,285,6
652,160,1
652,3,3
653,100,3
653,439,8
653,278,6
653,124,3
653,56,0
654,75,8
654,422,3
654,311,11
654,303,8
654,373,3
655,262,4
655,121,10
655,258,10
655,427,3
655,109,3
656,133,7
656,185,4
656,362,2
656,143,9
656,33,2
657,280,7
657,412,1
657,385,3
657,183,3
658,493,11
658,314,11
658,100,7
658,68,11
658,250,11
659,77,11
659,458,0
659,146,2
659,438,0
659,321,0
660,491,10
660,181,11
660,496,10
660,183,0
660,291,0
661,3,10
661,27,3
661,109,10
661,173,6
661,129,4
662,0,8
662,38,3
662,281,4
662,35,4
662,344,1
663,264,7
663,91,6
663,471,6
663,357,4
663,295,5
664,361,2
664,494,2
664,386,2
664,15,2
664,285,2
665,222,6
665,190,3
665,163,4
665,110,11
665,246,4
666,327,8
666,339,8
666,121,8
666,80,5
666,360,0
667,7,6
667,170,10
667,149,6
667,409,3
667,461,4
668,363,5
668,463,1
668,297,5
668,81,5
668,277,4
669,290,6
669,308,6
669,196,6
669,495,11
669,173,7
670,335,9
670,451,9
670,249,6
670,97,5
670,192,9
671,81,6
671,342,6
671,454,2
671,214,6
671,322,6
672,442,6
672,359,3
672,90,5
672,400,9
672,239,6
673,89,0
673,445,3
673,408,1
673,37,1
673,400,1
674,341,11
674,106,10
674,347,0
674,125,10
674,105,4
675,107,4
675,379,5
675,106,0
675,185,7
675,436,1
676,30,5
676,288,11
676,435,1
676,177,10
676,251,6
677,301,6
677,397,4
677,20,4
677,292,11
677,480,4
678,387,0
678,8,0
678,194,0
678,296,0
678,486,0
679,177,5
679,70,5
679,60,9
679,65,3
679,21,6
680,111,6
680,420,7
680,365,7
680,294,5
680,171,8
681,345,1
681,241,1
681,72,1
681,210,4
681,180,1
682,367,6
682,318,6
682,133,6
682,417,7
682,62,10
683,226,11
683,489,8
683,70,6
683,144,2
683,16,6
684,437,3
684,35,7
684,435,7
684,416,10
684,302,11
685,25,5
685,102,3
685,63,8
685,414,11
685,426,0
686,160,8
686,319,8
686,461,2
686,498,8
686,0,8
687,114,4
687,477,8
687,206,9
687,116,8
687,204,8
688,199,11
688,266,6
688,253,0
688,246,6
688,11,10
689,125,2
689,489,3
689,408,7
689,387,4
689,365,7
690,270,0
690,254,3
690,142,3
690,411,11
690,60,1
691,368,4
691,185,11
691,196,11
691,223,1
692,264,9
692,42,2
692,143,2
692,276,2
692,266,2
693,141,0
693,296,0
693,166,11
693,288,3
693,265,4
694,459,11
694,192,11
694,393,2
694,32,11
694,42,11
695,36,7
695,131,4
695,436,0
695,192,7
695,360,6
696,155,11
696,161,11
696,411,4
696,229,1
696,453,8
697,353,0
697,30,10
697,21,6
697,217,4
697,291,10
698,461,1
698,134,2
698,257,2
698,59,8
698,421,11
699,389,4
699,167,7
699,267,7
699,334,11
699,203,7
700,290,9
700,41,8
700,13,6
700,251,8
700,153,9
701,211,8
701,134,8
701,225,8
701,394,4
701,465,1
702,51,1
702,407,1
702,373,1
702,146,9
702,127,4
703,304,5
703,431,5
703,289,11
703,374,11
703,99,5
704,290,2
704,176,9
704,323,5
704,135,2
704,211,9
705,307,5
705,189,8
705,209,3
705,316,5
705,285,5
706,401,1
706,25,1
706,437,1
706,302,1
706,203,6
707,273,10
707,6,9
707,278,4
707,165,6
707,14,1
708,183,1
708,487,1
708,256,1
708,108,1
708,180,0
709,137,1
709,433,10
709,336,0
709,128,0
709,367,0
710,33,6
710,386,6
710,332,6
710,277,7
710,266,1
711,289,8
711,69,7
711,479,11
711,426,8
711,314,6
712,369,0
712,383,8
712,464,0
712,399,10
712,48,6
713,277,1
713,241,1
713,366,8
713,45,8
713,378,6
714,288,2
714,75,5
714,147,1
714,497,8
714,492,1
715,19,3
715,460,7
715,327,3
715,373,6
715,93,11
716,181,5
716,463,5
716,172,4
716,300,5
716,363,5
717,239,7
717,26,5
717,27,7
717,127,5
717,283,5
718,75,2
718,216,2
718,138,2
718,297,10
718,333,4
719,151,9
719,13,9
719,173,6
719,365,9
720,133,9
720,160,7
720,337,9
720,361,9
720,401,9
721,373,5
721,68,2
721,434,2
721,429,2
721,98,8
722,109,3
722,468,0
722,438,0
722,449,0
722,479,6
723,352,2
723,194,11
723,13,11
723,377,6
723,67,11
724,25,2
724,156,7
724,37,2
724,244,2
724,89,2
725,168,8
725,283,3
725,222,5
725,387,3
725,70,0
726,162,0
726,35,11
726,127,0
726,318,0
726,44,0
727,97,0
727,112,0
727,31,0
727,259,0
727,172,1
728,122,2
728,301,3
728,476,4
728,245,11
728,308,11
729,404,10
729,193,10
729,143,11
729,109,4
729,359,11
730,179,2
730,383,9
730,231,3
730,352,2
730,429,9
731,305,4
731,380,4
731,454,2
731,432,2
731,53,9
732,464,8
732,3,3
732,79,0
732,68,8
732,276,3
733,416,1
733,308,8
733,425,8
733,386,8
734,378,1
734,364,1
734,379,8
734,479,6
734,172,1
735,76,3
735,248,6
735,193,6
735,347,6
735,461,6
736,254,0
736,214,3
736,97,0
736,303,3
736,476,0
737,280,11
737,364,10
737,259,6
737,151,11
737,44,0
738,81,9
738,33,9
738,196,0
738,245,9
738,341,9
739,63,6
739,322,6
739,54,4
739,344,1
739,226,6
740,55,7
740,95,3
740,163,10
740,218,3
740,135,3
741,401,5
741,89,8
741,166,5
741,469,3
741,451,5
742,479,8
742,263,8
742,246,8
742,19,4
742,444,8
743,51,10
743,226,10
743,182,6
743,46,10
743,216,10
744,491,7
744,16,8
744,20,1
744,23,6
744,315,4
745,440,7
745,337,2
745,313,8
745,206,6
745,169,8
746,94,7
746,384,5
746,221,2
746,447,11
746,308,2
747,439,7
747,242,7
747,448,7
747,465,11
747,222,7
748,276,2
748,113,9
748,375,10
748,195,8
748,26,1
749,217,0
749,292,5
749,17,9
749,36,2
749,143,2
750,17,0
750,186,5
750,354,11
750,453,6
750,351,1
751,440,1
751,105,7
751,390,7
751,359,9
752,2,6
752,300,8
752,185,9
752,299,8
752,73,1
753,486,7
753,139,5
753,134,0
753,404,11
753,311,0
754,398,4
754,47,5
754,107,10
754,450,6
754,158,0
755,386,9
755,172,4
755,387,7
755,398,2
755,162,0
756,67,3
756,208,7
756,190,9
756,63,4
756,45,9
757,395,9
757,67,2
757,119,0
757,219,11
757,226,2
758,176,3
758,362,4
758,365,6
758,441,2
758,259,3
759,325,10
759,114,2
759,319,7
759,89,8
759,205,1
760,339,3
760,113,3
760,328,2
760,352,6
760,161,0
761,185,5
761,286,6
761,270,6
761,403,6
761,467,4
762,363,11
762,220,9
762,355,11
762,466,9
762,40,11
763,262,8
763,188,0
763,239,0
763,101,0
763,298,0
764,112,2
764,286,0
764,386,6
764,216,2
764,197,7
765,229,11
765,257,10
765,34,2
765,78,0
765,265,11
766,454,11
766,77,11
766,202,8
766,60,7
766,456,7
767,356,6
767,259,2
767,32,2
767,431,2
767,367,2
768,259,4
768,334,10
768,395,4
768,307,6
768,408,4
769,323,5
769,59,5
769,295,10
769,53,5
769,390,7
770,243,2
770,294,2
770,307,2
770,75,2
770,336,2
771,26,6
771,231,4
771,468,8
771,465,3
771,258,4
772,122,10
772,170,10
772,381,10
772,235,8
772,443,5
773,281,1
773,71,7
773,29,1
773,105,6
773,257,1
774,158,2
774,310,5
774,454,9
774,364,5
774,123,5
775,486,10
775,439,0
775,128,0
775,223,10
775,57,10
776,266,11
776,98,11
776,367,10
776,185,6
776,190,7
777,300,8
777,457,4
777,180,0
777,486,0
777,308,0
778,336,8
778,321,8
778,196,9
778,250,10
778,159,3
779,157,11
779,482,8
779,159,1
779,483,9
779,497,0
780,174,3
780,42,1
780,401,1
780,411,1
780,79,4
781,57,6
781,85,7
781,438,10
781,297,9
781,423,3
782,453,7
782,286,7
782,361,7
782,490,7
782,348,2
783,209,0
783,80,6
783,352,6
783,338,6
783,78,6
784,249,3
784,423,6
784,394,9
784,214,9
784,353,9
785,88,9
785,442,8
785,407,6
785,328,9
785,261,9
786,391,0
786,155,1
786,478,1
786,28,0
786,171,7
787,77,9
787,486,0
787,456,9
787,393,11
787,484,11
788,499,1
788,18,7
788,196,3
788,307,7
788,161,5
789,323,11
789,107,8
789,393,7
789,62,11
789,7,11
790,29,4
790,493,6
790,427,4
790,326,4
790,277,8
791,157,9
791,48,0
791,329,0
791,226,7
791,441,3
792,443,3
792,312,10
792,406,3
792,339,3
792,442,3
793,381,9
793,284,9
793,12,11
793,52,1
793,204,3
794,183,4
794,426,2
794,146,7
794,284,2
795,30,1
795,97,9
795,442,11
795,368,1
795,498,7
796,38,1
796,320,2
796,251,1
796,357,10
796,456,8
797,173,9
797,307,7
797,474,9
797,458,9
797,392,6
798,96,10
798,359,10
798,173,10
798,371,10
798,488,5
799,117,5
799,364,5
799,415,1
799,497,5
800,479,2
800,447,4
800,143,8
800,397,1
800,391,9
801,350,1
801,140,2
801,240,0
801,393,0
801,8,3
802,400,3
802,229,3
802,342,3
802,225,3
802,266,11
803,75,8
803,300,8
803,209,4
803,308,8
803,181,4
804,164,3
804,418,3
804,83,5
804,134,8
804,395,4
805,182,4
805,459,4
805,353,9
805,159,0
805,382,4
806,105,5
806,30,11
806,316,1
806,179,2
806,111,0
807,99,10
807,324,2
807,264,2
807,398,2
807,178,2
808,214,10
808,413,7
808,79,9
808,69,10
808,335,0
809,374,6
809,201,11
809,403,2
809,17,0
809,349,6
810,468,10
810,440,5
810,77,9
810,250,1
810,93,5
811,41,11
811,424,0
811,59,11
811,43,4
811,403,5
812,142,9
812,250,10
812,298,10
812,61,2
812,209,11
813,211,6
813,477,0
813,4,7
813,454,0
813,114,9
814,311,3
814,227,3
814,64,5
814,322,8
814,11,9
815,134,1
815,287,0
815,444,3
815,372,1
815,210,3
816,321,2
816,159,2
816,203,4
816,396,4
816,62,4
817,400,6
817,491,11
817,412,5
817,13,5
817,25,3
818,275,8
818,314,6
818,423,1
818,3,1
818,214,8
819,19,9
819,117,2
819,149,1
819,318,9
819,190,9
820,104,11
820,305,5
820,327,11
820,286,11
820,46,11
821,484,2
821,491,5
821,190,6
821,40,8
821,499,8
822,170,5
822,453,9
822,493,4
822,363,9
822,325,9
823,126,7
823,490,7
823,108,10
823,172,6
823,124,9
824,493,9
824,261,2
824,453,2
824,131,10
824,406,2
825,92,7
825,77,2
825,147,0
825,146,10
825,297,9
826,204,7
826,293,5
826,433,5
826,218,5
826,52,5
827,353,2
827,387,2
827,175,6
827,9,9
827,128,2
828,162,7
828,98,9
828,84,7
828,486,6
828,109,7
829,432,1
829,227,3
829,305,11
829,329,3
829,492,1
830,72,11
830,310,3
830,437,0
830,67,5
830,250,0
831,364,9
831,123,1
831,179,5
831,82,2
831,407,9
832,479,10
832,489,1
832,181,10
832,356,10
832,217,6
833,112,10
833,358,1
833,419,2
833,411,10
833,245,10
834,227,10
834,166,8
834,127,1
834,284,3
834,104,10
835,385,7
835,248,11
835,419,7
835,433,7
835,5,7
836,124,2
836,208,2
836,348,2
836,157,2
836,25,2
837,390,1
837,372,1
837,254,1
837,156,1
837,319,1
838,363,8
838,376,5
838,271,1
838,386,5
838,487,0
839,121,2
839,283,7
839,440,1
839,315,4
839,164,4
840,338,8
840,466,2
840,77,8
840,328,5
840,389,5
841,373,6
841,78,6
841,323,6
841,270,8
841,300,6
842,61,7
842,72,8
842,253,0
842,422,3
842,397,8
843,324,7
843,179,0
843,40,6
843,182,0
843,350,6
844,44,8
844,169,4
844,462,8
844,297,8
844,299,8
845,468,11
845,440,11
845,126,1
845,157,3
845,66,6
846,208,8
846,48,8
846,489,10
846,60,8
846,207,8
847,492,4
847,142,4
847,493,3
847,302,7
847,326,4
848,203,3
848,419,1
848,153,11
848,226,1
848,11,8
849,93,1
849,380,10
849,285,0
849,80,4
849,421,1
850,59,8
850,13,3
850,76,10
850,28,9
850,27,9
851,326,2
851,361,2
851,400,2
851,2,10
852,325,9
852,384,1
852,399,7
852,125,3
852,78,3
853,336,0
853,299,6
853,117,0
853,402,0
853,369,11
854,135,1
854,327,5
854,170,5
854,369,5
854,458,4
855,136,5
855,316,11
855,152,11
855,301,4
855,32,11
856,165,9
856,462,11
856,269,4
856,411,9
856,74,5
857,65,7
857,40,8
857,497,1
857,173,1
857,300,1
858,339,8
858,455,8
858,497,9
858,409,6
858,167,8
859,293,10
859,182,6
859,430,9
859,497,6
859,169,6
860,435,6
860,74,6
860,371,11
860,125,1
860,498,8
861,79,0
861,254,11
861,326,7
861,42,11
861,303,9
862,247,1
862,368,2
862,496,4
862,135,4
862,103,0
863,449,1
863,462,8
863,158,6
863,37,9
863,208,1
864,387,8
864,21,5
864,260,7
864,0,8
864,460,3
865,258,5
865,104,8
865,286,5
865,77,5
865,195,3
866,487,0
866,98,10
866,458,8
866,475,10
866,323,6
867,477,7
867,398,7
867,359,7
867,380,6
867,447,7
868,272,1
868,404,1
868,438,1
868,194,1
868,164,9
869,317,10
869,389,10
869,229,10
869,251,5
869,59,3
870,119,6
870,110,7
870,245,6
870,151,3
870,378,1
871,77,2
871,224,1
871,406,3
871,398,10
871,482,11
872,117,10
872,64,0
872,438,10
872,444,10
872,261,10
873,468,2
873,160,5
873,379,0
873,59,10
873,44,4
874,483,10
874,15,10
874,54,0
874,267,7
874,19,8
875,275,11
875,170,2
875,113,2
875,390,10
875,32,2
876,357,4
876,230,6
876,109,0
876,277,4
876,217,4
877,291,10
877,307,9
877,464,9
877,103,9
877,23,11
878,260,1
878,220,3
878,489,9
878,369,1
878,219,3
879,378,11
879,172,3
879,421,2
879,70,0
879,482,11
880,278,11
880,311,3
880,313,3
880,271,9
880,36,1
881,168,4
881,399,5
881,209,5
881,442,8
881,204,2
882,177,0
882,13,0
882,63,3
882,126,3
882,9,4
883,193,10
883,7,11
883,426,7
883,341,11
883,425,11
884,177,6
884,404,11
884,299,1
884,196,7
884,52,5
885,473,3
885,40,3
885,221,3
885,443,5
885,303,3
886,187,10
886,306,11
886,350,2
886,86,11
886,422,11
887,393,6
887,78,9
887,55,4
887,337,4
888,466,5
888,152,7
888,471,11
888,166,11
888,352,0
889,163,5
889,23,7
889,299,10
889,492,5
889,277,5
890,303,1
890,302,11
890,438,11
890,192,10
890,232,11
891,394,10
891,387,7
891,385,6
891,495,9
891,337,7
892,130,5
892,264,11
892,361,8
892,454,2
892,235,7
893,61,5
893,219,9
893,112,9
893,342,5
893,336,5
894,207,7
894,105,7
894,208,7
894,49,1
894,373,7
895,145,0
895,406,0
895,83,11
895,479,0
895,151,0
896,439,11
896,383,10
896,16,11
896,173,3
896,142,7
897,395,1
897,356,4
897,465,1
897,382,0
897,89,8
898,131,11
898,493,9
898,121,11
898,251,11
898,339,3
899,461,3
899,477,5
899,211,11
899,86,5
899,94,5
900,467,1
900,405,7
900,410,7
900,298,11
900,89,11
901,220,2
901,163,2
901,459,2
901,253,2
901,46,2
902,465,10
902,221,9
902,223,5
902,364,5
902,255,0
903,229,9
903,298,9
903,264,11
903,411,11
903,332,9
904,15,4
904,250,5
904,399,8
904,196,1
904,388,4
905,172,7
905,464,7
905,179,8
905,454,7
905,193,7
906,485,7
906,263,11
906,406,7
906,46,8
906,409,7
907,40,1
907,160,0
907,254,8
907,53,8
907,362,8
908,113,11
908,162,11
908,440,11
908,214,8
908,356,11
909,32,6
909,463,11
909,288,11
909,251,8
909,445,8
910,219,8
910,189,11
910,484,11
910,24,8
910,284,1
911,455,9
911,359,10
911,42,5
911,414,9
911,19,9
912,232,8
912,444,6
912,425,8
912,237,8
912,485,8
913,447,0
913,493,10
913,462,0
913,400,0
913,100,0
914,45,5
914,131,2
914,298,2
914,355,7
914,40,2
915,107,5
915,71,3
915,257,5
915,334,8
915,49,3
916,345,0
916,19,1
916,362,10
916,449,5
916,9,4
917,250,6
917,388,9
917,326,0
917,499,5
917,306,8
918,342,9
918,292,9
918,203,9
918,222,11
918,107,7
919,186,8
919,466,8
919,3,5
919,435,6
919,13,8
920,303,7
920,348,4
920,62,8
920,199,8
920,156,6
921,62,1
921,303,2
921,267,1
921,256,2
921,482,9
922,336,10
922,81,9
922,145,6
922,449,10
922,279,8
923,181,1
923,79,6
923,386,4
923,155,0
923,493,9
924,244,8
924,0,8
924,414,8
924,457,8
924,9,10
925,260,7
925,158,5
925,429,1
925,55,7
925,354,7
926,5,1
926,21,1
926,102,1
926,403,3
926,119,1
927,433,9
927,81,11
927,66,10
927,35,5
927,488,5
928,165,2
928,96,10
928,125,10
928,98,10
928,273,3
929,214,10
929,130,9
929,385,9
929,189,9
929,498,9
930,455,7
930,392,7
930,490,6
930,301,0
930,408,5
931,207,2
931,494,1
931,359,0
931,220,1
931,362,0
932,131,8
932,464,5
932,199,10
932,295,8
932,93,5
933,430,5
933,123,5
933,195,5
933,158,6
933,400,5
934,392,5
934,65,4
934,300,8
934,461,0
934,74,1
935,448,6
935,362,10
935,468,2
935,222,6
935,356,10
936,166,6
936,128,1
936,226,1
936,479,8
936,51,1
937,145,2
937,233,3
937,260,3
937,384,3
937,415,2
938,429,3
938,232,3
938,372,3
938,166,9
938,27,3
939,92,8
939,337,8
939,204,11
939,478,1
939,76,8
940,213,7
940,391,1
940,104,4
940,235,5
940,274,11
941,66,10
941,172,6
941,114,10
941,473,6
941,198,11
942,297,1
942,19,4
942,462,4
942,289,0
943,383,9
943,272,8
943,119,8
943,222,1
943,423,8
944,189,7
944,8,11
944,89,6
944,60,7
944,298,7
945,391,11
945,64,1
945,146,2
945,23,7
945,397,11
946,24,7
946,243,9
946,9,6
946,428,7
946,255,2
947,210,4
947,332,7
947,349,1
947,381,4
947,230,2
948,476,7
948,66,7
948,34,10
948,102,6
948,321,6
949,381,4
949,94,11
949,91,10
949,419,3
949,271,10
950,248,7
950,214,6
950,245,8
950,346,8
950,145,8
951,462,6
951,445,3
951,264,0
951,156,1
951,259,10
952,193,7
952,242,4
952,18,8
952,29,11
952,210,11
953,182,11
953,61,3
953,429,3
953,458,0
953,330,4
954,238,3
954,131,8
954,352,0
954,370,8
954,308,8
955,104,11
955,497,6
955,173,9
955,152,7
955,426,9
956,80,8
956,275,1
956,132,11
956,326,11
956,41,3
957,291,5
957,397,5
957,3,0
957,89,5
957,15,1
958,330,1
958,233,3
958,257,1
958,303,4
958,343,1
959,380,9
959,195,8
959,484,4
959,191,8
959,489,8
960,442,4
960,295,0
960,103,2
960,478,8
960,41,5
961,284,2
961,288,2
961,408,2
961,344,3
961,114,7
962,383,3
962,351,3
962,477,5
962,249,6
962,200,3
963,15,7
963,20,11
963,291,11
963,176,6
963,187,7
964,455,11
964,250,2
964,338,11
964,15,11
964,384,11
965,476,9
965,433,1
965,366,11
965,416,9
965,48,0
966,441,11
966,3,9
966,121,11
966,138,5
966,34,8
967,209,11
967,102,7
967,378,9
967,35,6
967,408,3
968,356,3
968,442,3
968,422,3
968,213,1
968,165,3
969,308,11
969,25,11
969,119,11
969,260,11
969,414,11
970,227,3
970,226,9
970,380,10
970,460,10
970,477,0
971,45,2
971,21,5
971,386,11
971,437,5
971,476,2
972,230,1
972,479,0
972,217,1
972,260,8
972,29,1
973,61,7
973,472,8
973,164,7
973,22,7
973,148,7
974,148,1
974,76,2
974,143,8
974,264,5
974,193,5
975,479,0
975,354,5
975,188,10
975,447,0
975,12,0
976,448,1
976,441,1
976,487,1
976,159,1
976,155,1
977,222,2
977,149,7
977,14,5
977,22,10
977,466,10
978,146,3
978,25,4
978,484,4
978,471,4
978,37,4
979,95,1
979,395,4
979,271,1
979,138,1
979,488,5
980,426,5
980,90,5
980,448,1
980,356,6
980,7,5
981,497,7
981,355,7
981,401,7
981,13,9
981,62,7
982,460,9
982,369,8
982,191,9
982,103,9
982,214,0
983,56,11
983,70,0
983,297,9
983,26,9
983,430,9
984,328,3
984,465,9
984,262,9
984,49,10
984,376,7
985,82,11
985,494,11
985,247,2
985,457,5
985,98,8
986,222,4
986,227,4
986,214,8
986,125,4
986,481,11
987,311,9
987,41,10
987,283,7
987,415,7
987,15,6
988,299,3
988,385,8
988,365,2
988,382,7
988,164,1
989,252,5
989,96,5
989,329,5
989,465,11
989,47,5
990,412,9
990,309,4
990,243,4
990,231,4
990,467,1
991,457,9
991,471,2
991,158,0
991,464,11
991,7,6
992,414,0
992,144,2
992,217,2
992,303,3
992,27,2
993,108,7
993,365,4
993,76,2
993,409,9
993,493,0
994,177,0
994,370,5
994,494,5
994,450,5
994,248,7
995,78,4
995,185,6
995,298,4
995,411,8
995,73,7
996,487,11
996,178,8
996,142,0
996,65,6
996,104,7
997,378,6
997,349,7
997,165,0
997,75,6
997,210,6
998,109,3
998,86,3
998,0,1
998,464,9
998,322,8
999,214,9
999,73,4
999,325,11
999,319,11
999,55,11
1000,114,11
1000,467,7
1000,441,7
1000,405,7
1000,102,3
1001,318,9
1001,108,8
1001,328,5
1001,152,1
1001,66,7
1002,467,10
1002,90,3
1002,121,3
1002,282,10
1002,7,10
1003,493,11
1003,53,0
1003,10,1
1003,155,1
1004,356,2
1004,4,2
1004,175,2
1004,99,9
1004,32,3
1005,119,4
1005,233,4
1005,478,4
1005,414,4
1005,396,4
1006,456,6
1006,232,5
1006,305,5
1006,141,5
1007,300,2
1007,313,6
1007,28,10
1007,377,6
1007,51,6
1008,97,0
1008,449,0
1008,429,6
1008,378,0
1008,392,9
1009,4,5
1009,341,5
1009,86,5
1009,77,6
1009,37,9
1010,271,6
1010,350,6
1010,273,6
1010,485,6
1010,302,6
1011,258,8
1011,29,10
1011,340,5
1011,142,7
1011,87,11
1012,62,8
1012,351,8
1012,126,8
1012,301,8
1012,99,8
1013,431,2
1013,434,0
1013,117,5
1013,95,1
1013,171,1
1014,433,10
1014,49,4
1014,77,6
1014,6,2
1014,407,10
1015,491,9
1015,53,2
1015,110,2
1015,366,0
1015,353,0
1016,347,5
1016,386,11
1016,82,1
1016,421,2
1016,403,7
1017,283,3
1017,296,10
1017,33,11
1017,280,6
1017,263,3
1018,36,9
1018,122,6
1018,176,4
1018,479,6
1018,252,9
1019,8,4
1019,52,3
1019,379,4
1019,329,4
1019,57,6
1020,97,0
1020,380,7
1020,414,11
1020,484,11
1020,352,11
1021,422,5
1021,441,0
1021,48,9
1021,133,6
1021,242,6
1022,141,8
1022,211,2
1022,389,5
1022,459,5
1022,392,5
1023,335,4
1023,0,10
1023,186,4
1023,483,0
1023,31,5
1024,248,8
1024,89,5
1024,356,2
1024,165,10
1024,469,8
1025,277,1
1025,247,0
1025,317,0
1025,383,0
1025,291,2
1026,58,9
1026,200,7
1026,420,5
1026,373,3
1026,74,5
1027,343,8
1027,45,3
1027,139,6
1027,222,6
1027,68,6
1028,269,2
1028,488,0
1028,110,8
1028,331,8
1028,82,8
1029,184,4
1029,283,10
1029,410,6
1029,442,6
1029,94,6
1030,53,9
1030,382,11
1030,450,9
1030,235,1
1030,425,4
1031,163,2
1031,52,3
1031,445,3
1031,388,3
1031,412,1
1032,51,5
1032,481,5
1032,94,3
1032,425,0
1032,66,5
1033,408,1
1033,493,8
1033,62,1
1033,259,1
1033,469,1
1034,52,0
1034,352,7
1034,42,11
1034,372,11
1034,375,11
1035,165,8
1035,286,7
1035,56,0
1035,181,11
1035,421,3
1036,499,7
1036,174,7
1036,449,2
1036,393,7
1036,178,9
1037,191,9
1037,45,3
1037,132,3
1037,329,3
1037,312,7
1038,475,3
1038,490,9
1038,464,1
1038,309,8
1038,139,6
1039,192,5
1039,469,5
1039,293,5
1039,360,5
1039,295,2
1040,66,1
1040,63,5
1040,411,0
1040,404,8
1040,283,9
1041,341,11
1041,240,9
1041,347,4
1041,285,11
1041,327,11
1042,317,10
1042,16,2
1042,229,8
1042,367,6
1042,422,2
1043,430,2
1043,186,2
1043,433,3
1043,380,9
1043,315,2
1044,122,2
1044,254,3
1044,213,2
1044,33,11
1044,216,2
1045,409,0
1045,202,0
1045,35,0
1045,281,10
1045,298,6
1046,364,5
1046,103,5
1046,449,1
1046,22,7
1046,219,5
1047,435,0
1047,373,9
1047,22,9
1047,26,11
1047,120,5
1048,338,1
1048,235,10
1048,80,10
1048,252,6
1048,177,2
1049,51,8
1049,450,8
1049,149,8
1049,307,3
1049,9,8
1050,8,1
1050,114,1
1050,136,0
1050,252,1
1050,63,1
1051,456,2
1051,482,11
1051,478,1
1051,423,0
1051,153,8
1052,62,1
1052,93,1
1052,423,1
1052,302,1
1052,360,8
1053,390,11
1053,432,1
1053,465,0
1053,367,0
1053,196,1
1054,199,7
1054,31,6
1054,65,2
1054,71,3
1054,96,10
1055,166,4
1055,84,10
1055,58,7
1055,375,7
1055,307,7
1056,375,11
1056,115,9
1056,350,7
1056,259,10
1056,308,10
1057,249,3
1057,247,2
1057,422,3
1057,337,8
1057,423,5
1058,346,7
1058,119,7
1058,278,5
1058,194,8
1058,138,2
1059,137,5
1059,404,7
1059,382,7
1059,380,10
1059,434,7
1060,127,4
1060,388,3
1060,44,9
1060,132,10
1060,144,6
1061,287,5
1061,98,2
1061,144,7
1061,232,7
1061,38,3
1062,8,11
1062,172,6
1062,226,8
1062,83,3
1062,110,3
1063,31,4
1063,10,5
1063,24,5
1063,332,1
1063,362,5
1064,245,9
1064,243,5
1064,112,10
1064,33,9
1064,253,5
1065,127,2
1065,369,2
1065,339,2
1065,181,0
1065,307,2
1066,38,2
1066,188,11
1066,486,7
1066,327,11
1066,396,11
1067,182,3
1067,98,3
1067,257,3
1067,278,6
1067,277,3
1068,300,10
1068,5,7
1068,116,8
1068,246,10
1068,12,3
1069,323,7
1069,401,3
1069,467,3
1069,454,2
1069,106,5
1070,486,3
1070,138,9
1070,340,5
1070,194,5
1070,359,5
1071,124,1
1071,477,7
1071,270,7
1071,17,6
1071,197,4
1072,417,3
1072,71,3
1072,73,6
1072,372,1
1072,298,3
1073,230,0
1073,317,6
1073,66,6
1073,394,6
1073,421,6
1074,159,4
1074,440,2
1074,265,3
1074,284,6
1074,162,6
1075,322,5
1075,5,3
1075,360,3
1075,34,3
1075,210,3
1076,260,3
1076,239,10
1076,24,2
1076,238,1
1076,225,10
1077,174,11
1077,432,3
1077,218,1
1077,456,4
1078,306,4
1078,99,8
1078,193,6
1078,427,6
1079,341,1
1079,175,1
1079,84,3
1079,325,1
1079,327,1
1080,125,0
1080,127,5
1080,71,1
1080,367,5
1080,212,4
1081,49,3
1081,295,7
1081,234,7
1081,104,11
1081,68,8
1082,132,9
1082,73,1
1082,449,1
1082,29,6
1082,294,1
1083,151,11
1083,75,2
1083,223,6
1083,343,0
1083,493,0
1084,157,8
1084,332,2
1084,55,2
1084,395,11
1084,426,2
1085,22,8
1085,187,6
1085,186,6
1085,85,6
1085,390,6
1086,211,11
1086,425,11
1086,82,9
1086,90,4
1086,191,11
1087,471,10
1087,136,2
1087,267,9
1087,339,6
1087,442,10
1088,108,10
1088,158,10
1088,331,10
1088,484,7
1088,388,10
1089,231,0
1089,105,8
1089,65,5
1089,399,11
1089,80,8
1090,451,5
1090,158,5
1090,495,3
1090,169,5
1090,72,5
1091,51,6
1091,15,6
1091,314,6
1091,35,6
1091,206,5
1092,436,7
1092,240,4
1092,245,11
1092,214,3
1092,227,7
1093,359,4
1093,79,8
1093,182,8
1093,38,9
1093,356,1
1094,146,7
1094,429,4
1094,177,7
1094,289,7
1094,448,7
1095,336,0
1095,268,0
1095,458,3
1095,48,6
1095,183,1
1096,451,6
1096,247,10
1096,197,6
1096,132,6
1096,242,10
1097,261,2
1097,201,5
1097,187,11
1097,65,2
1097,220,2
1098,383,9
1098,345,9
1098,189,11
1098,440,2
1098,45,10
1099,86,9
1099,35,0
1099,68,9
1099,460,9
1099,467,10
1100,134,6
1100,467,6
1100,181,8
1100,378,7
1100,35,0
1101,73,10
1101,454,10
1101,445,9
1101,260,10
1101,171,10
1102,486,2
1102,376,3
1102,385,8
1102,17,11
1102,377,0
1103,334,2
1103,154,8
1103,356,8
1103,263,8
1103,269,8
1104,31,3
1104,443,9
1104,478,1
1104,449,1
1104,311,1
1105,131,7
1105,138,4
1105,469,1
1105,460,9
1105,461,4
1106,394,7
1106,295,3
1106,59,1
1106,67,2
1106,290,1
1107,149,4
1107,191,4
1107,426,11
1107,297,4
1107,380,4
1108,85,7
1108,247,7
1108,73,9
1108,481,7
1108,46,4
1109,136,8
1109,160,6
1109,372,8
1109,117,1
1109,495,1
1110,72,9
1110,87,9
1110,66,9
1110,360,9
1110,191,9
1111,446,0
1111,173,0
1111,136,7
1111,70,0
1111,443,7
1112,494,11
1112,237,5
1112,381,5
1112,191,5
1112,490,4
1113,179,4
1113,186,4
1113,393,4
1113,382,4
1113,445,4
1114,208,9
1114,329,3
1114,463,9
1114,59,0
1114,275,3
1115,380,5
1115,406,5
1115,350,6
1115,379,4
1115,239,0
1116,370,0
1116,262,1
1116,348,0
1116,281,0
1116,459,0
1117,157,5
1117,258,2
1117,343,2
1117,179,4
1117,359,0
1118,69,11
1118,315,0
1118,176,0
1118,161,5
1118,145,0
1119,404,9
1119,200,3
1119,442,9
1119,300,9
1119,256,9
1120,30,2
1120,426,0
1120,290,3
1120,445,7
1120,390,10
1121,306,7
1121,472,7
1121,176,7
1121,79,11
1121,266,7
1122,159,2
1122,76,2
1122,389,2
1122,151,2
1123,281,6
1123,408,8
1123,445,10
1123,284,10
1123,385,8
1124,207,2
1124,445,10
1124,203,2
1124,138,8
1124,225,7
1125,53,1
1125,413,11
1125,123,4
1125,160,11
1125,242,2
1126,348,7
1126,4,11
1126,45,1
1126,119,9
1126,239,2
1127,197,4
1127,289,2
1127,271,4
1127,415,4
1127,427,2
1128,477,4
1128,2,8
1128,33,10
1128,345,4
1128,476,4
1129,288,3
1129,107,0
1129,137,0
1129,167,0
1129,4,10
1130,187,0
1130,172,3
1130,413,11
1130,488,11
1130,60,11
1131,185,4
1131,300,0
1131,341,0
1131,384,0
1131,408,0
1132,208,3
1132,270,6
1132,323,2
1132,178,6
1132,94,9
1133,240,7
1133,421,5
1133,401,10
1133,128,9
1133,363,9
1134,420,7
1134,259,11
1134,497,0
1134,286,5
1134,202,0
1135,266,5
1135,363,5
1135,468,5
1135,192,4
1135,487,6
1136,76,1
1136,296,1
1136,177,1
1136,170,1
1136,98,5
1137,96,5
1137,288,4
1137,268,4
1137,111,6
1137,9,3
1138,441,10
1138,3,10
1138,9,10
1138,153,4
1138,276,9
1139,424,2
1139,138,2
1139,344,4
1139,402,2
1139,61,5
1140,222,2
1140,468,0
1140,75,9
1140,102,0
1140,261,0
1141,198,9
1141,475,8
1141,333,5
1141,410,8
1141,136,8
1142,241,11
1142,489,7
1142,238,5
1142,231,0
1142,174,11
1143,148,11
1143,175,11
1143,162,11
1143,485,4
1143,172,4
1144,20,1
1144,411,6
1144,17,10
1144,57,10
1144,80,6
1145,490,10
1145,363,10
1145,154,10
1145,140,10
1145,487,10
1146,302,1
1146,470,5
1146,362,3
1146,383,10
1146,164,1
1147,175,8
1147,365,8
1147,331,8
1147,415,8
1147,242,8
1148,251,3
1148,200,2
1148,455,0
1148,71,7
1148,91,9
1149,31,7
1149,100,5
1149,32,4
1149,440,6
1149,188,1
1150,20,9
1150,145,10
1150,424,11
1150,11,4
1150,25,4
1151,444,11
1151,72,0
1151,410,6
1151,99,8
1151,389,11
1152,145,7
1152,108,3
1152,76,10
1152,206,3
1152,318,3
1153,142,9
1153,305,2
1153,450,0
1153,379,0
1153,152,7
1154,447,6
1154,185,9
1154,113,6
1154,262,0
1154,244,11
1155,423,11
1155,364,6
1155,239,6
1155,318,6
1155,405,8
1156,275,3
1156,150,3
1156,98,0
1156,34,2
1156,439,8
1157,369,3
1157,483,4
1157,389,1
1157,141,7
1157,128,6
1158,151,2
1158,354,2
1158,34,4
1158,469,2
1158,41,2
1159,30,4
1159,64,4
1159,467,4
1159,167,4
1159,55,4
1160,95,10
1160,272,10
1160,218,6
1160,144,10
1160,263,10
1161,175,3
1161,47,9
1161,316,9
1161,126,9
1161,190,5
1162,394,0
1162,230,10
1162,141,2
1162,414,10
1162,18,1
1163,190,0
1163,96,4
1163,154,3
1163,314,0
1163,369,0
1164,424,0
1164,247,2
1164,374,8
1164,185,0
1164,66,10
1165,497,3
1165,405,6
1165,325,11
1165,327,3
1165,228,4
1166,9,5
1166,137,5
1166,101,5
1166,54,5
1167,264,10
1167,248,5
1167,423,0
1167,444,8
1167,312,6
1168,341,0
1168,293,0
1168,75,0
1168,373,0
1168,156,7
1169,489,0
1169,342,0
1169,140,7
1169,22,0
1169,265,0
1170,181,1
1170,281,4
1170,116,5
1170,470,7
1170,227,11
1171,76,3
1171,309,10
1171,77,10
1171,201,10
1171,138,0
1172,387,6
1172,112,3
1172,213,6
1172,361,6
1172,275,8
1173,383,3
1173,182,3
1173,237,3
1173,232,3
1173,402,3
1174,100,11
1174,384,6
1174,204,6
1174,488,11
1175,365,8
1175,72,1
1175,341,3
1175,164,8
1175,452,2
1176,212,2
1176,32,9
1176,480,11
1176,259,5
1176,458,7
1177,264,10
1177,437,10
1177,146,4
1177,441,4
1177,466,0
1178,478,3
1178,6,11
1178,143,5
1178,51,3
1178,467,2
1179,194,11
1179,70,11
1179,127,8
1179,339,11
1179,483,11
1180,442,3
1180,405,0
1180,376,4
1180,418,6
1180,218,7
1181,125,3
1181,412,4
1181,23,2
1181,353,5
1181,261,1
1182,468,8
1182,31,3
1182,177,8
1182,363,10
1182,134,11
1183,279,5
1183,86,1
1183,121,1
1183,401,1
1183,499,1
1184,240,9
1184,272,10
1184,29,10
1184,448,9
1184,298,10
1185,419,11
1185,206,6
1185,428,7
1185,265,7
1185,120,7
1186,191,10
1186,258,10
1186,26,10
1186,155,10
1186,179,0
1187,498,10
1187,297,4
1187,361,10
1187,493,10
1187,221,6
1188,490,2
1188,109,11
1188,485,4
1188,45,2
1188,62,10
1189,23,2
1189,130,2
1189,123,8
1189,165,7
1189,179,2
1190,69,10
1190,397,9
1190,0,0
1190,51,10
1190,4,10
1191,63,3
1191,57,3
1191,367,1
1191,296,6
1191,453,6
1192,183,8
1192,478,4
1192,213,0
1192,482,0
1192,471,0
1193,297,2
1193,41,0
1193,309,5
1193,405,6
1193,469,6
1194,462,11
1194,307,8
1194,268,8
1194,140,2
1194,202,8
1195,19,5
1195,158,0
1195,229,5
1195,247,1
1195,451,5
1196,78,9
1196,214,1
1196,465,3
1196,11,3
1196,263,3
1197,382,9
1197,305,7
1197,322,10
1197,415,10
1197,110,10
1198,264,0
1198,387,4
1198,213,4
1198,476,4
1198,338,4
1199,393,9
1199,330,8
1199,310,6
1199,339,8
1199,356,5
1200,106,5
1200,488,3
1200,153,3
1200,150,1
1200,276,9
1201,471,2
1201,113,2
1201,353,8
1201,7,2
1201,181,5
1202,255,11
1202,12,6
1202,263,6
1202,272,6
1202,6,1
1203,46,9
1203,59,2
1203,24,11
1203,347,2
1203,187,1
1204,229,4
1204,283,4
1204,136,11
1204,331,8
1204,18,9
1205,30,6
1205,33,9
1205,384,6
1205,421,3
1205,57,6
1206,157,9
1206,154,6
1206,151,6
1206,58,7
1206,306,6
1207,19,11
1207,75,4
1207,363,2
1207,208,4
1207,290,8
1208,17,11
1208,199,7
1208,15,7
1208,376,7
1208,35,7
1209,420,3
1209,48,3
1209,31,3
1209,200,3
1209,150,9
1210,480,10
1210,394,10
1210,54,8
1210,479,0
1210,418,11
1211,364,0
1211,32,10
1211,498,4
1211,492,4
1211,55,10
1212,4,5
1212,244,5
1212,388,10
1212,278,7
1212,134,11
1213,189,8
1213,34,3
1213,58,6
1213,52,6
1213,41,6
1214,47,8
1214,462,10
1214,134,8
1214,123,8
1214,254,2
1215,351,9
1215,74,7
1215,139,0
1215,12,3
1215,94,9
1216,27,9
1216,66,10
1216,398,9
1216,486,4
1216,290,0
1217,211,0
1217,72,0
1217,156,7
1217,300,0
1217,302,0
1218,97,1
1218,237,1
1218,369,1
1218,282,1
1218,427,4
1219,133,9
1219,352,5
1219,202,4
1219,97,1
1219,392,2
1220,321,4
1220,477,2
1220,237,10
1220,173,8
1220,22,5
1221,155,4
1221,88,10
1221,433,10
1221,477,8
1221,271,10
1222,474,11
1222,25,10
1222,101,7
1222,169,9
1222,132,3
1223,320,5
1223,451,7
1223,287,3
1223,368,3
1223,338,8
1224,470,11
1224,496,11
1224,106,6
1224,426,1
1224,425,6
1225,107,4
1225,49,1
1225,407,1
1225,491,7
1225,18,1
1226,84,7
1226,371,5
1226,61,5
1226,470,10
1226,216,5
1227,207,10
1227,246,10
1227,184,10
1227,319,10
1227,373,10
1228,485,0
1228,103,5
1228,437,5
1228,248,7
1228,455,8
1229,369,3
1229,93,3
1229,392,3
1229,405,3
1229,183,9
1230,483,2
1230,360,2
1230,326,0
1230,344,2
1230,425,2
1231,422,9
1231,133,9
1231,337,3
1231,58,9
1231,40,1
1232,302,10
1232,387,11
1232,453,2
1232,309,11
1232,436,4
1233,407,9
1233,56,9
1233,135,9
1233,404,7
1233,290,9
1234,177,3
1234,245,4
1234,14,0
1234,335,7
1234,487,2
1235,487,3
1235,88,11
1235,112,11
1235,148,11
1236,308,11
1236,452,11
1236,316,0
1236,337,9
1236,111,6
1237,33,7
1237,478,5
1237,286,11
1237,293,8
1237,74,10
1238,274,3
1238,92,3
1238,118,3
1238,326,7
1238,132,6
1239,190,11
1239,394,4
1239,421,1
1239,458,2
1239,384,4
1240,101,4
1240,296,5
1240,156,5
1240,41,4
1240,374,0
1241,397,0
1241,63,5
1241,496,9
1241,71,9
1241,214,9
1242,267,6
1242,411,1
1242,292,8
1242,109,8
1242,178,4
1243,267,5
1243,58,5
1243,391,2
1243,291,8
1243,60,11
1244,461,7
1244,236,7
1244,141,11
1244,184,6
1244,332,4
1245,400,11
1245,342,8
1245,214,5
1245,190,8
1245,375,8
1246,245,2
1246,394,1
1246,143,5
1246,175,2
1246,325,5
1247,229,5
1247,110,2
1247,468,5
1247,127,11
1247,24,0
1248,453,3
1248,418,0
1248,205,8
1248,381,8
1248,138,8
1249,159,10
1249,443,7
1249,194,7
1249,310,7
1249,14,8
1250,110,0
1250,124,0
1250,424,10
1250,362,5
1250,340,11
1251,326,8
1251,391,8
1251,36,8
1251,280,8
1251,462,8
1252,236,3
1252,223,1
1252,138,3
1252,219,3
1253,107,2
1253,231,2
1253,425,2
1253,399,2
1253,50,2
1254,210,7
1254,461,7
1254,82,3
1254,330,0
1254,148,9
1255,448,3
1255,471,8
1255,354,8
1255,376,4
1255,315,5
1256,310,10
1256,143,3
1256,102,8
1256,24,11
1256,62,10
1257,339,4
1257,373,4
1257,131,2
1257,119,4
1257,46,4
1258,150,7
1258,383,10
1258,335,6
1258,0,11
1258,340,6
1259,355,1
1259,329,4
1259,472,7
1259,89,1
1259,50,7
1260,288,6
1260,468,3
1260,90,3
1260,320,7
1260,9,11
1261,413,11
1261,415,3
1261,359,4
1261,80,11
1261,303,11
1262,152,9
1262,66,9
1262,129,9
1262,411,10
1262,227,7
1263,323,7
1263,344,7
1263,364,7
1263,236,7
1263,489,7
1264,256,2
1264,148,7
1264,85,3
1264,312,7
1264,177,2
1265,284,0
1265,330,1
1265,422,0
1265,95,0
1265,444,0
1266,44,11
1266,392,3
1266,454,11
1266,331,2
1266,153,11
1267,377,7
1267,315,3
1267,239,9
1267,445,5
1267,208,5
1268,67,11
1268,484,9
1268,255,0
1268,273,0
1268,104,9
1269,475,2
1269,421,0
1269,70,0
1269,90,11
1270,484,3
1270,118,6
1270,62,11
1270,50,2
1270,305,2
1271,180,11
1271,249,1
1271,275,1
1271,356,1
1271,129,8
1272,137,1
1272,180,10
1272,149,10
1272,291,7
1272,389,10
1273,204,3
1273,34,8
1273,131,8
1273,339,8
1273,33,9
1274,403,8
1274,433,11
1274,362,10
1274,308,11
1274,274,5
1275,398,9
1275,364,6
1275,286,5
1275,334,8
1275,298,5
1276,385,7
1276,82,9
1276,195,2
1276,180,1
1276,146,1
1277,253,3
1277,374,11
1277,215,3
1277,90,3
1277,467,3
1278,101,0
1278,381,11
1278,268,11
1278,487,11
1278,145,7
1279,455,0
1279,48,1
1279,125,0
1279,435,0
1279,252,6
1280,97,5
1280,448,9
1280,134,8
1280,334,11
1280,438,9
1281,11,9
1281,375,4
1281,470,9
1281,144,9
1281,466,1
1282,428,8
1282,249,6
1282,369,8
1282,53,0
1283,211,7
1283,259,9
1283,183,7
1283,214,2
1283,266,6
1284,400,0
1284,80,7
1284,410,2
1284,486,2
1284,363,2
1285,321,8
1285,17,0
1285,231,1
1285,113,8
1285,410,2
1286,204,8
1286,356,10
1286,197,0
1286,126,11
1286,462,0
1287,69,8
1287,195,8
1287,109,0
1287,131,7
1287,299,9
1288,108,7
1288,450,4
1288,317,2
1288,170,2
1288,414,5
1289,1,4
1289,106,4
1289,201,9
1289,429,4
1289,269,0
1290,240,6
1290,156,11
1290,498,11
1290,231,2
1290,88,11
1291,150,7
1291,256,11
1291,474,4
1291,324,0
1291,390,7
1292,109,11
1292,424,0
1292,62,11
1292,378,11
1292,59,6
1293,22,7
1293,232,7
1293,391,8
1293,242,10
1293,363,7
1294,124,7
1294,359,5
1294,9,10
1294,367,11
1294,478,9
1295,318,0
1295,290,6
1295,374,1
1295,473,6
1295,102,9
1296,361,11
1296,392,3
1296,88,9
1296,4,2
1296,116,4
1297,287,1
1297,471,1
1297,1,1
1297,232,1
1297,323,1
1298,490,1
1298,5,1
1298,428,1
1298,445,1
1298,330,1
1299,139,0
1299,261,4
1299,288,0
1299,229,0
1299,122,0
1300,158,9
1300,254,3
1300,173,2
1300,139,11
1300,379,3
1301,138,2
1301,94,6
1301,354,4
1301,189,1
1301,45,1
1302,229,11
1302,18,11
1302,303,3
1302,461,3
1302,295,6
1303,400,0
1303,304,2
1303,244,11
1303,35,0
1303,131,1
1304,117,10
1304,498,0
1304,383,0
1304,447,0
1304,374,9
1305,485,8
1305,91,8
1305,80,4
1305,260,2
1305,389,6
1306,473,6
1306,289,7
1306,456,6
1306,464,6
1306,337,8
1307,40,5
1307,463,5
1307,226,4
1307,462,8
1307,468,2
1308,280,4
1308,278,10
1308,494,10
1308,151,0
1308,350,4
1309,142,5
1309,377,5
1309,394,5
1309,326,5
1309,202,5
1310,418,6
1310,160,6
1310,78,0
1310,498,6
1310,58,6
1311,111,9
1311,79,8
1311,147,0
1311,273,2
1311,19,10
1312,404,0
1312,176,10
1312,85,9
1312,460,9
1312,108,6
1313,73,4
1313,370,3
1313,321,7
1313,168,6
1313,383,7
1314,364,9
1314,340,6
1314,408,9
1314,14,11
1314,396,9
1315,230,6
1315,11,4
1315,119,2
1315,192,4
1315,194,4
1316,448,6
1316,71,8
1316,478,2
1316,339,5
1316,207,10
1317,154,2
1317,110,0
1317,389,10
1317,398,2
1317,3,2
1318,476,6
1318,216,6
1318,67,4
1318,363,4
1318,189,4
1319,420,0
1319,219,2
1319,189,9
1319,381,8
1319,201,5
1320,40,2
1320,209,8
1320,392,6
1320,139,2
1320,303,11
1321,374,1
1321,314,1
1321,94,1
1321,96,5
1321,399,7
1322,398,10
1322,42,10
1322,453,10
1322,167,10
1322,357,10
1323,198,3
1323,281,7
1323,112,9
1323,286,3
1323,399,9
1324,414,6
1324,438,4
1324,488,9
1324,58,5
1324,300,9
1325,60,4
1325,357,1
1325,122,2
1325,236,2
1325,141,2
1326,277,9
1326,213,11
1326,292,2
1326,233,11
1326,258,6
1327,79,8
1327,192,1
1327,303,0
1327,118,1
1327,377,6
1328,327,4
1328,144,4
1328,9,11
1328,398,4
1328,263,4
1329,492,5
1329,326,5
1329,365,5
1329,140,6
1329,272,5
1330,74,4
1330,116,11
1330,233,11
1330,390,11
1330,373,11
1331,258,1
1331,129,1
1331,436,0
1331,278,9
1331,174,1
1332,186,7
1332,304,4
1332,201,4
1332,349,9
1332,365,4
1333,178,5
1333,190,5
1333,286,6
1333,499,10
1333,180,5
1334,485,3
1334,80,0
1334,157,1
1334,153,8
1334,117,6
1335,468,6
1335,419,6
1335,110,4
1335,214,3
1335,314,8
1336,14,8
1336,447,0
1336,25,0
1336,79,6
1336,484,8
1337,497,10
1337,150,7
1337,274,10
1337,60,10
1337,490,1
1338,1,0
1338,490,0
1338,253,5
1338,89,10
1338,495,4
1339,359,8
1339,301,2
1339,208,5
1339,197,7
1339,412,7
1340,342,0
1340,157,0
1340,394,2
1340,0,6
1340,29,8
1341,341,7
1341,77,8
1341,250,6
1341,93,0
1341,102,3
1342,351,0
1342,305,9
1342,359,9
1342,176,9
1342,410,9
1343,302,11
1343,77,2
1343,155,4
1343,162,8
1343,114,4
1344,336,5
1344,221,10
1344,63,7
1344,320,10
1344,62,10
1345,373,6
1345,200,6
1345,409,6
1345,141,11
1345,33,9
1346,319,3
1346,254,3
1346,92,3
1346,459,4
1346,142,5
1347,400,1
1347,425,9
1347,185,9
1347,124,9
1347,120,9
1348,484,7
1348,451,11
1348,47,7
1348,383,8
1348,400,11
1349,92,9
1349,219,9
1349,455,9
1349,418,1
1349,295,1
1350,78,7
1350,290,7
1350,129,0
1350,62,7
1350,32,3
1351,377,11
1351,254,11
1351,36,11
1351,378,11
1351,374,11
1352,85,5
1352,311,4
1352,195,1
1352,215,4
1352,151,10
1353,31,3
1353,374,3
1353,116,4
1353,446,9
1353,62,2
1354,242,11
1354,405,4
1354,376,11
1354,459,11
1354,216,11
1355,30,1
1355,94,1
1355,328,1
1355,335,1
1355,394,1
1356,13,1
1356,417,1
1356,473,8
1356,281,3
1356,273,8
1357,364,2
1357,210,3
1357,285,3
1357,75,3
1357,226,2
1358,299,1
1358,202,11
1358,469,11
1358,323,3
1358,128,11
1359,2,5
1359,449,8
1359,265,11
1359,36,4
1359,404,4
1360,0,3
1360,93,1
1360,211,1
1360,438,2
1360,45,1
1361,410,2
1361,320,1
1361,82,2
1361,191,5
1361,374,0
1362,71,6
1362,433,8
1362,449,8
1362,485,8
1362,117,10
1363,356,7
1363,103,6
1363,431,5
1363,429,6
1363,241,6
1364,304,11
1364,183,1
1364,75,1
1364,255,6
1364,394,1
1365,290,5
1365,330,2
1365,28,4
1365,259,4
1365,159,4
1366,115,4
1366,231,9
1366,405,2
1366,217,6
1366,496,6
1367,421,3
1367,137,6
1367,338,6
1367,73,6
1367,498,6
1368,313,4
1368,385,0
1368,419,0
1368,496,3
1368,24,3
1369,108,0
1369,188,1
1369,114,1
1369,11,10
1369,299,1
1370,473,8
1370,39,9
1370,427,9
1370,13,6
1370,187,2
1371,312,2
1371,351,3
1371,355,2
1371,339,2
1371,258,10
1372,449,2
1372,204,11
1372,371,11
1372,65,1
1372,195,4
1373,497,4
1373,451,9
1373,381,10
1373,433,10
1373,2,9
1374,281,10
1374,348,9
1374,29,9
1374,155,9
1374,280,9
1375,107,5
1375,353,7
1375,1,11
1375,447,3
1375,180,10
1376,423,4
1376,369,3
1376,302,0
1376,41,1
1376,347,1
1377,37,9
1377,387,9
1377,8,9
1377,249,9
1377,96,2
1378,76,7
1378,441,5
1378,309,11
1378,178,11
1378,421,11
1379,288,7
1379,306,1
1379,320,1
1379,66,0
1379,148,10
1380,210,2
1380,440,1
1380,28,2
1380,423,2
1380,296,0
1381,446,0
1381,166,9
1381,441,11
1381,41,11
1381,160,3
1382,123,1
1382,455,1
1382,388,7
1382,205,1
1382,230,1
1383,14,5
1383,136,7
1383,64,0
1383,252,6
1383,63,9
1384,402,2
1384,85,8
1384,279,9
1384,357,2
1384,67,6
1385,21,11
1385,150,11
1385,375,11
1385,351,4
1385,491,5
1386,29,5
1386,163,6
1386,135,9
1386,436,11
1386,230,9
1387,466,9
1387,427,4
1387,28,9
1387,1,5
1387,414,8
1388,61,8
1388,202,2
1388,270,2
1388,129,5
1388,344,0
1389,328,0
1389,45,3
1389,457,11
1389,356,3
1389,145,3
1390,367,9
1390,496,10
1390,347,7
1390,200,0
1390,264,9
1391,317,5
1391,130,5
1391,479,9
1391,65,9
1391,120,5
1392,388,10
1392,316,5
1392,296,9
1392,424,5
1392,118,5
1393,464,5
1393,431,1
1393,103,9
1393,213,5
1393,376,0
1394,444,3
1394,53,9
1394,490,3
1394,22,10
1394,246,3
1395,420,5
1395,138,0
1395,316,1
1395,52,5
1395,289,3
1396,210,4
1396,95,4
1396,102,4
1396,312,4
1396,376,4
1397,120,3
1397,163,1
1397,367,3
1397,337,3
1397,33,3
1398,463,6
1398,275,6
1398,312,6
1398,388,6
1398,347,6
1399,181,5
1399,37,10
1399,414,3
1399,198,8
1399,0,8
1400,479,9
1400,224,0
1400,101,2
1400,199,0
1400,35,11
1401,332,11
1401,417,1
1401,294,6
1401,142,5
1401,197,11
1402,412,9
1402,213,4
1402,185,5
1402,117,5
1402,219,8
1403,252,8
1403,329,2
1403,383,5
1403,370,1
1403,422,2
1404,410,5
1404,308,5
1404,146,5
1404,294,5
1404,287,1
1405,447,1
1405,383,8
1405,499,5
1405,18,4
1405,228,11
1406,311,10
1406,154,7
1406,136,7
1406,173,4
1406,230,7
1407,170,9
1407,52,11
1407,44,6
1407,147,0
1407,226,6
1408,185,6
1408,93,3
1408,472,3
1408,108,11
1408,145,3
1409,64,0
1409,19,2
1409,296,7
1409,440,9
1409,225,2
1410,309,5
1410,25,10
1410,361,4
1410,165,0
1410,440,5
1411,334,7
1411,33,5
1411,471,1
1411,457,1
1411,203,1
1412,337,3
1412,240,10
1412,40,11
1412,1,1
1412,144,1
1413,470,0
1413,13,3
1413,481,3
1413,354,4
1413,219,3
1414,134,4
1414,497,8
1414,354,4
1414,125,9
1414,44,4
1415,447,10
1415,241,4
1415,0,10
1415,147,10
1415,11,9
1416,492,2
1416,446,2
1416,130,2
1416,279,2
1416,447,2
1417,356,11
1417,61,11
1417,102,10
1417,280,11
1417,257,11
1418,284,8
1418,453,8
1418,184,8
1418,138,4
1418,238,2
1419,113,6
1419,159,6
1419,80,3
1419,271,11
1419,192,11
1420,258,10
1420,350,10
1420,378,10
1420,357,4
1420,72,10
1421,197,1
1421,5,8
1421,218,4
1421,371,8
1421,426,8
1422,51,11
1422,457,7
1422,265,10
1422,463,7
1422,208,11
1423,186,5
1423,455,5
1423,425,5
1423,183,2
1423,319,0
1424,50,10
1424,177,10
1424,482,10
1424,252,10
1424,251,1
1425,166,6
1425,243,6
1425,101,0
1425,222,6
1425,343,10
1426,262,1
1426,433,1
1426,474,2
1426,378,1
1426,208,6
1427,377,0
1427,64,0
1427,177,0
1427,42,0
1427,475,3
1428,207,2
1428,256,2
1428,355,0
1428,226,8
1428,164,2
1429,39,3
1429,253,3
1429,110,7
1429,225,4
1429,263,9
1430,32,5
1430,209,10
1430,406,5
1430,267,10
1430,429,1
1431,478,1
1431,27,8
1431,187,2
1431,429,0
1431,466,3
1432,74,6
1432,23,6
1432,28,6
1432,451,11
1432,312,0
1433,271,9
1433,240,0
1433,73,5
1433,278,7
1433,404,10
1434,341,11
1434,425,1
1434,404,2
1434,274,1
1434,97,2
1435,188,6
1435,227,11
1435,220,7
1435,420,11
1435,200,11
1436,10,3
1436,361,9
1436,320,9
1436,444,9
1436,34,9
1437,33,9
1437,3,3
1437,146,9
1437,488,2
1437,119,8
1438,483,9
1438,72,9
1438,451,9
1438,459,11
1438,250,9
1439,262,10
1439,83,4
1439,135,7
1439,274,7
1439,97,10
1440,473,1
1440,291,10
1440,426,2
1440,119,4
1440,234,2
1441,475,8
1441,51,8
1441,303,8
1441,232,8
1441,433,8
1442,226,10
1442,44,10
1442,270,10
1442,197,6
1442,180,10
1443,164,3
1443,55,11
1443,239,2
1443,93,11
1443,24,11
1444,306,8
1444,68,9
1444,428,9
1444,184,10
1444,216,10
1445,341,10
1445,264,9
1445,307,4
1445,141,11
1445,362,2
1446,381,6
1446,304,6
1446,483,6
1446,248,9
1446,321,11
1447,425,6
1447,58,8
1447,441,6
1447,35,6
1447,172,6
1448,175,5
1448,210,5
1448,250,5
1448,466,0
1448,388,10
1449,126,5
1449,417,5
1449,238,4
1449,408,0
1449,175,4
1450,171,10
1450,430,8
1450,293,5
1450,442,10
1450,222,6
1451,215,9
1451,186,0
1451,74,4
1451,84,4
1451,157,8
1452,252,6
1452,394,0
1452,301,0
1452,383,8
1452,338,0
1453,425,1
1453,226,8
1453,450,4
1453,145,10
1453,242,1
1454,65,2
1454,169,0
1454,161,8
1454,479,10
1454,243,0
1455,441,8
1455,22,5
1455,238,1
1455,172,3
1455,194,0
1456,130,6
1456,147,10
1456,47,11
1456,376,10
1456,356,10
1457,466,10
1457,433,10
1457,366,10
1457,303,10
1457,103,10
1458,417,10
1458,151,10
1458,348,1
1458,125,9
1458,123,11
1459,476,2
1459,417,10
1459,9,2
1459,271,3
1459,485,2
1460,305,11
1460,93,7
1460,410,9
1460,371,10
1460,227,7
1461,392,9
1461,131,9
1461,123,9
1461,267,9
1461,357,9
1462,442,0
1462,329,8
1462,492,8
1462,83,8
1462,110,8
1463,424,0
1463,471,6
1463,179,3
1463,307,3
1463,98,3
1464,206,4
1464,349,7
1464,179,7
1464,486,9
1464,194,9
1465,172,11
1465,198,2
1465,367,11
1465,372,1
1465,130,2
1466,378,1
1466,155,1
1466,471,1
1466,308,1
1466,217,6
1467,241,9
1467,185,3
1467,27,10
1467,178,7
1467,182,11
1468,460,3
1468,242,3
1468,90,3
1468,213,10
1468,37,3
1469,70,2
1469,20,5
1469,290,5
1469,16,5
1469,5,5
1470,171,11
1470,228,6
1470,354,3
1470,67,6
1470,254,6
1471,461,10
1471,436,10
1471,276,2
1471,149,10
1471,153,5
1472,348,9
1472,175,2
1472,89,8
1472,145,6
1472,400,6
1473,426,6
1473,239,0
1473,403,5
1473,337,10
1473,60,5
1474,318,1
1474,146,1
1474,129,1
1474,208,1
1474,391,0
1475,98,11
1475,396,0
1475,444,10
1475,133,9
1475,453,0
1476,58,9
1476,144,1
1476,317,4
1476,23,1
1476,35,11
1477,345,3
1477,49,8
1477,432,7
1477,213,6
1477,214,8
1478,116,4
1478,483,6
1478,396,4
1478,272,4
1478,459,4
1479,122,1
1479,354,1
1479,115,4
1479,290,4
1479,434,7
1480,205,5
1480,436,2
1480,252,11
1480,362,5
1480,355,5
1481,494,7
1481,195,5
1481,84,0
1481,33,5
1481,487,5
1482,427,11
1482,155,6
1482,293,4
1482,149,2
1482,17,11
1483,33,11
1483,324,3
1483,212,8
1483,141,11
1484,385,2
1484,180,3
1484,2,1
1484,64,0
1484,131,0
1485,396,3
1485,266,7
1485,290,2
1485,260,1
1485,404,3
1486,112,9
1486,335,9
1486,130,7
1486,8,4
1486,292,11
1487,39,6
1487,63,1
1487,396,1
1487,66,1
1487,196,1
1488,422,7
1488,99,6
1488,266,11
1488,475,6
1488,148,8
1489,187,3
1489,182,6
1489,269,6
1489,476,3
1489,255,2
1490,40,10
1490,5,10
1490,197,10
1490,248,2
1490,332,3
1491,107,11
1491,96,7
1491,199,2
1491,151,8
1491,475,3
1492,95,10
1492,327,11
1492,17,9
1492,340,9
1492,209,9
1493,4,9
1493,297,8
1493,448,9
1493,236,4
1493,393,8
1494,377,8
1494,367,8
1494,476,5
1494,27,8
1494,29,8
1495,386,3
1495,238,4
1495,38,7
1495,426,3
1495,263,5
1496,377,8
1496,206,8
1496,162,8
1496,11,8
1496,444,8
1497,123,1
1497,496,10
1497,382,3
1497,214,2
1497,171,8
1498,391,2
1498,283,11
1498,292,5
1498,156,9
1499,195,8
1499,348,3
1499,369,3
1499,334,3
1499,488,3
1500,238,10
1500,359,6
1500,158,9
1500,67,10
1500,110,6
1501,116,1
1501,494,8
1501,174,0
1501,184,5
1501,272,10
1502,79,6
1502,485,0
1502,299,6
1502,318,5
1502,346,6
1503,233,9
1503,183,6
1503,28,2
1503,252,5
1503,481,9
1504,160,1
1504,419,6
1504,214,1
1504,289,7
1504,174,1
1505,12,11
1505,294,3
1505,381,6
1505,440,3
1505,256,3
1506,322,0
1506,438,0
1506,451,8
1506,197,6
1506,426,11
1507,477,1
1507,238,2
1507,182,0
1507,399,1
1507,276,5
1508,478,3
1508,303,6
1508,398,2
1508,446,2
1508,240,9
1509,120,8
1509,287,2
1509,327,2
1509,147,2
1509,254,2
1510,207,2
1510,193,2
1510,377,2
1510,245,6
1510,147,6
1511,378,9
1511,231,7
1511,284,7
1511,178,7
1511,111,8
1512,161,6
1512,307,2
1512,192,7
1512,7,2
1512,412,4
1513,170,11
1513,73,0
1513,14,0
1513,430,8
1513,6,0
1514,148,10
1514,333,3
1514,258,9
1514,74,1
1514,80,10
1515,57,8
1515,478,9
1515,179,8
1515,464,6
1515,425,10
1516,95,6
1516,233,6
1516,255,2
1516,254,8
1516,83,1
1517,383,8
1517,63,8
1517,127,8
1517,391,1
1517,32,8
1518,391,0
1518,325,0
1518,54,0
1518,60,0
1518,371,0
1519,152,7
1519,399,8
1519,57,4
1519,368,1
1519,450,6
1520,441,11
1520,405,5
1520,83,5
1520,484,2
1520,119,5
1521,44,8
1521,97,8
1521,398,0
1521,221,0
1521,353,9
1522,230,0
1522,332,0
1522,186,0
1522,210,0
1522,297,0
1523,425,4
1523,334,7
1523,400,6
1523,269,4
1523,458,10
1524,441,8
1524,498,3
1524,378,11
1524,366,2
1524,149,0
1525,275,0
1525,401,9
1525,90,9
1525,297,9
1525,328,11
1526,129,8
1526,347,11
1526,63,11
1526,401,11
1526,462,11
1527,228,5
1527,76,5
1527,275,5
1527,460,1
1528,213,1
1528,214,4
1528,462,1
1528,178,1
1528,110,4
1529,375,0
1529,392,0
1529,470,11
1529,80,0
1529,317,2
1530,355,9
1530,45,6
1530,66,0
1530,254,5
1530,141,7
1531,270,5
1531,23,5
1531,120,8
1531,130,5
1531,195,9
1532,257,7
1532,135,11
1532,123,8
1532,236,1
1532,329,11
1533,382,11
1533,42,3
1533,293,2
1533,176,2
1533,309,3
1534,222,8
1534,198,7
1534,316,10
1534,158,6
1534,474,9
1535,487,1
1535,76,1
1535,1,1
1535,357,1
1535,337,11
1536,54,3
1536,401,3
1536,247,7
1536,430,4
1536,466,3
1537,180,10
1537,46,10
1537,220,4
1537,351,9
1537,99,10
1538,385,3
1538,424,7
1538,76,11
1538,469,11
1538,74,4
1539,7,0
1539,224,5
1539,357,0
1539,73,1
1539,38,5
1540,152,7
1540,5,2
1540,234,6
1540,249,7
1540,443,9
1541,180,3
1541,336,8
1541,58,7
1541,351,8
1541,201,8
1542,95,7
1542,387,7
1542,401,7
1542,125,7
1542,199,6
1543,466,9
1543,184,5
1543,91,3
1543,404,3
1543,319,4
1544,404,8
1544,102,2
1544,137,7
1544,363,7
1544,403,3
1545,496,1
1545,111,2
1545,36,4
1545,455,9
1545,333,8
1546,364,5
1546,228,5
1546,163,7
1546,29,1
1547,51,10
1547,353,10
1547,22,9
1547,181,10
1547,285,11
1548,32,6
1548,311,6
1548,16,6
1548,15,10
1548,232,6
1549,110,3
1549,485,0
1549,164,0
1549,444,7
1550,191,5
1550,364,5
1550,398,6
1550,38,11
1550,238,5
1551,346,2
1551,185,0
1551,441,6
1551,384,0
1551,92,10
1552,137,7
1552,361,10
1552,334,9
1552,54,11
1552,125,9
1553,150,4
1553,286,11
1553,190,7
1553,196,5
1553,316,2
1554,16,2
1554,356,0
1554,148,4
1554,198,11
1554,327,4
1555,262,10
1555,85,0
1555,459,0
1555,66,2
1555,80,0
1556,390,4
1556,335,4
1556,190,4
1556,79,4
1556,69,2
1557,446,10
1557,296,1
1557,96,2
1557,319,9
1557,52,11
1558,101,2
1558,321,9
1558,29,9
1558,128,7
1558,490,11
1559,237,5
1559,108,2
1559,192,0
1559,397,0
1560,119,9
1560,356,1
1560,154,5
1560,99,8
1560,425,11
1561,266,3
1561,169,4
1561,81,4
1561,429,4
1561,29,4
1562,375,6
1562,447,9
1562,241,10
1562,171,10
1562,470,2
1563,282,1
1563,88,3
1563,111,1
1563,418,6
1563,333,8
1564,423,8
1564,368,9
1564,463,8
1564,176,8
1564,190,9
1565,166,4
1565,272,4
1565,44,4
1565,322,4
1565,164,2
1566,199,0
1566,235,4
1566,358,4
1566,70,4
1566,100,10
1567,94,11
1567,284,11
1567,348,9
1567,150,1
1567,405,1
1568,78,11
1568,182,2
1568,90,8
1568,498,2
1568,64,1
1569,69,8
1569,155,8
1569,171,8
1569,327,8
1569,77,4
1570,37,10
1570,149,0
1570,496,11
1570,370,10
1570,275,1
1571,490,2
1571,66,5
1571,250,5
1571,189,5
1571,210,5
1572,96,4
1572,227,10
1572,178,10
1572,457,6
1572,175,0
1573,493,3
1573,401,3
1573,0,5
1573,173,3
1573,25,3
1574,205,10
1574,336,10
1574,232,10
1574,486,1
1574,82,8
1575,447,11
1575,172,11
1575,161,11
1575,263,11
1575,342,10
1576,178,5
1576,101,3
1576,24,11
1576,176,5
1577,120,4
1577,22,7
1577,276,1
1577,450,4
1577,332,4
1578,330,0
1578,464,8
1578,426,10
1578,200,1
1578,194,1
1579,216,4
1579,459,4
1579,427,7
1579,374,4
1579,194,4
1580,244,11
1580,367,10
1580,181,5
1580,303,7
1580,224,4
1581,77,5
1581,93,2
1581,66,10
1581,236,2
1581,25,2
1582,362,3
1582,251,7
1582,264,0
1582,163,4
1582,106,8
1583,382,3
1583,470,7
1583,448,3
1583,220,8
1583,255,3
1584,436,5
1584,464,3
1584,338,0
1584,240,0
1584,173,0
1585,384,1
1585,353,11
1585,447,11
1585,390,3
1585,341,11
1586,177,4
1586,283,10
1586,483,10
1586,422,10
1586,412,10
1587,445,3
1587,307,0
1587,486,3
1587,494,9
1587,326,9
1588,197,9
1588,23,4
1588,7,10
1588,342,9
1588,450,10
1589,30,6
1589,116,1
1589,335,10
1589,96,9
1589,42,9
1590,347,10
1590,423,1
1590,65,7
1590,404,7
1590,192,7
1591,122,11
1591,433,5
1591,311,11
1591,64,4
1591,184,11
1592,237,7
1592,461,7
1592,252,11
1592,374,11
1592,327,7
1593,475,1
1593,230,0
1593,273,0
1593,369,0
1593,439,5
1594,373,10
1594,431,6
1594,8,4
1594,452,3
1594,20,2
1595,327,0
1595,406,11
1595,306,1
1595,41,6
1595,405,11
1596,465,4
1596,358,5
1596,284,5
1596,332,5
1596,66,5
1597,33,2
1597,43,2
1597,358,10
1597,256,8
1597,13,2
1598,158,8
1598,377,8
1598,489,8
1598,37,8
1598,390,8
1599,58,1
1599,159,1
1599,134,10
1599,437,2
1599,156,10
1600,32,0
1600,227,7
1600,96,0
1600,64,3
1600,13,10
1601,476,6
1601,151,6
1601,302,11
1601,258,7
1601,472,6
1602,472,2
1602,344,11
1602,464,2
1602,191,11
1602,192,9
1603,196,3
1603,15,1
1603,301,10
1603,104,0
1603,402,11
1604,326,1
1604,45,5
1604,10,5
1604,92,11
1604,445,6
1605,249,2
1605,389,2
1605,2,2
1605,423,5
1605,388,0
1606,283,7
1606,268,1
1606,58,1
1606,57,11
1606,91,1
1607,271,7
1607,426,7
1607,181,7
1607,369,1
1607,430,1
1608,443,0
1608,38,0
1608,203,7
1608,482,0
1608,477,11
1609,7,7
1609,184,0
1609,317,3
1609,64,7
1609,209,7
1610,175,0
1610,360,3
1610,19,10
1610,483,7
1610,219,8
1611,349,1
1611,170,11
1611,276,1
1611,258,2
1611,92,4
1612,497,10
1612,127,5
1612,249,5
1612,17,5
1612,481,5
1613,94,10
1613,59,0
1613,422,10
1613,343,10
1613,133,10
1614,438,10
1614,35,0
1614,146,10
1614,55,10
1614,98,8
1615,125,11
1615,480,9
1615,203,10
1615,446,3
1615,367,11
1616,86,6
1616,416,2
1616,490,6
1616,24,6
1616,381,5
1617,100,1
1617,21,1
1617,310,11
1617,207,1
1617,190,1
1618,376,4
1618,490,4
1618,244,4
1618,190,11
1618,211,3
1619,432,1
1619,399,9
1619,112,7
1619,156,7
1619,51,4
1620,86,8
1620,268,8
1620,182,8
1620,291,3
1620,208,3
1621,47,10
1621,46,1
1621,61,10
1621,44,1
1621,494,2
1622,350,6
1622,376,6
1622,470,3
1622,239,6
1622,99,5
1623,234,6
1623,468,9
1623,306,3
1623,379,7
1623,80,10
1624,246,10
1624,200,3
1624,62,3
1624,443,3
1624,400,3
1625,361,4
1625,49,10
1625,170,2
1625,106,7
1625,86,2
1626,102,5
1626,488,1
1626,136,4
1626,175,0
1626,309,7
1627,443,3
1627,39,4
1627,452,3
1627,74,4
1627,497,11
1628,211,6
1628,491,4
1628,489,6
1628,72,6
1628,478,9
1629,93,9
1629,190,9
1629,156,11
1629,209,9
1629,253,9
1630,52,5
1630,204,2
1630,135,9
1630,341,2
1630,288,2
1631,220,4
1631,422,4
1631,489,5
1631,345,5
1631,447,5
1632,239,2
1632,103,2
1632,236,2
1632,391,2
1632,54,2
1633,195,5
1633,225,5
1633,438,5
1633,139,11
1633,270,5
1634,301,9
1634,291,9
1634,189,7
1634,446,9
1634,392,9
1635,381,9
1635,205,9
1635,427,9
1635,88,3
1635,189,6
1636,248,5
1636,13,4
1636,319,0
1636,365,9
1636,136,1
1637,222,10
1637,64,3
1637,472,10
1637,156,10
1637,41,10
1638,43,4
1638,315,0
1638,90,6
1638,365,5
1638,104,0
1639,174,7
1639,136,10
1639,402,6
1639,62,6
1639,117,7
1640,461,1
1640,265,1
1640,425,1
1640,491,0
1640,231,1
1641,18,4
1641,69,8
1641,216,2
1641,389,4
1641,22,7
1642,303,3
1642,163,5
1642,463,3
1642,87,4
1642,9,4
1643,363,0
1643,281,6
1643,309,2
1643,25,0
1643,136,6
1644,50,3
1644,55,3
1644,19,3
1644,146,9
1644,297,9
1645,491,1
1645,285,1
1645,243,8
1645,344,6
1645,302,3
1646,131,2
1646,24,0
1646,199,2
1646,28,8
1646,314,2
1647,498,7
1647,402,8
1647,230,7
1647,225,9
1647,151,7
1648,304,10
1648,218,7
1648,201,6
1648,290,8
1648,21,6
1649,37,6
1649,279,6
1649,392,3
1649,401,6
1649,63,6
1650,437,6
1650,209,2
1650,176,6
1650,131,1
1650,127,6
1651,283,2
1651,366,7
1651,198,2
1651,458,2
1651,113,11
1652,357,8
1652,133,11
1652,323,3
1652,289,7
1652,102,1
1653,291,5
1653,198,3
1653,378,7
1653,57,7
1653,36,5
1654,353,9
1654,225,7
1654,361,9
1654,499,9
1654,362,9
1655,39,8
1655,333,3
1655,41,3
1655,196,0
1655,352,3
1656,152,8
1656,69,8
1656,219,8
1656,333,5
1656,195,8
1657,290,9
1657,481,8
1657,232,6
1657,266,8
1657,108,1
1658,103,4
1658,275,7
1658,90,9
1658,112,7
1658,297,1
1659,430,10
1659,72,2
1659,330,0
1659,272,2
1659,384,2
1660,122,0
1660,400,5
1660,450,0
1660,16,3
1660,436,8
1661,326,6
1661,480,3
1661,252,3
1661,116,3
1661,272,3
1662,406,2
1662,361,11
1662,270,11
1662,143,11
1662,470,8
1663,38,1
1663,44,1
1663,473,1
1663,296,1
1663,151,1
1664,209,11
1664,490,3
1664,387,8
1664,183,4
1664,352,9
1665,253,3
1665,19,6
1665,39,3
1665,484,10
1665,11,4
1666,12,3
1666,305,2
1666,338,7
1666,320,11
1666,224,3
1667,14,3
1667,499,3
1667,199,9
1667,21,3
1667,203,10
1668,397,3
1668,3,4
1668,350,2
1668,464,2
1668,489,2
1669,463,1
1669,374,2
1669,94,2
1669,422,2
1669,104,2
1670,339,10
1670,108,9
1670,320,3
1670,359,10
1670,123,10
1671,343,10
1671,307,8
1671,470,8
1671,363,6
1671,170,9
1672,66,9
1672,77,9
1672,486,10
1672,401,9
1672,88,9
1673,98,1
1673,94,11
1673,174,1
1673,405,1
1673,467,7
1674,433,9
1674,7,4
1674,344,5
1674,258,5
1674,141,5
1675,218,3
1675,192,6
1675,298,3
1675,340,6
1675,130,6
1676,114,6
1676,339,3
1676,361,6
1676,485,6
1676,355,8
1677,52,9
1677,271,8
1677,167,4
1677,216,4
1677,43,4
1678,4,10
1678,230,11
1678,495,6
1678,54,5
1678,160,11
1679,193,10
1679,372,8
1679,246,0
1679,479,11
1679,309,2
1680,408,0
1680,228,5
1680,388,7
1680,264,1
1680,286,1
1681,103,2
1681,339,6
1681,375,0
1681,26,10
1681,455,6
1682,208,1
1682,106,6
1682,132,6
1682,477,1
1682,73,1
1683,151,0
1683,492,11
1683,155,11
1683,130,11
1683,421,2
1684,342,9
1684,213,0
1684,263,3
1684,447,9
1684,86,9
1685,335,3
1685,474,8
1685,196,8
1685,488,6
1685,366,2
1686,254,10
1686,2,8
1686,172,10
1686,434,6
1686,240,7
1687,197,5
1687,422,11
1687,123,9
1687,90,6
1687,110,9
1688,165,4
1688,441,4
1688,302,1
1688,163,1
1688,190,4
1689,369,1
1689,395,11
1689,119,4
1689,81,11
1689,421,6
1690,88,2
1690,355,5
1690,34,8
1690,40,11
1690,50,10
1691,124,4
1691,236,2
1691,46,2
1691,218,10
1691,233,3
1692,87,4
1692,390,1
1692,308,4
1692,253,7
1692,188,4
1693,163,9
1693,417,9
1693,292,0
1693,471,0
1693,396,0
1694,304,3
1694,229,7
1694,169,3
1694,450,3
1694,496,11
1695,256,8
1695,31,1
1695,495,4
1695,112,8
1695,183,1
1696,446,11
1696,170,1
1696,282,10
1696,144,11
1696,340,11
1697,137,10
1697,259,4
1697,251,0
1697,155,5
1697,215,1
1698,182,6
1698,424,6
1698,104,8
1698,246,2
1698,456,6
1699,227,10
1699,351,10
1699,151,10
1699,377,10
1699,380,4
1700,418,10
1700,473,8
1700,250,2
1700,60,8
1700,175,8
1701,334,6
1701,7,6
1701,490,4
1701,395,8
1701,179,1
1702,321,9
1702,395,5
1702,382,1
1702,180,0
1702,183,5
1703,52,5
1703,341,7
1703,306,11
1703,457,1
1703,432,9
1704,92,8
1704,8,11
1704,141,8
1704,401,8
1704,411,0
1705,214,2
1705,418,4
1705,17,2
1705,328,11
1705,22,2
1706,495,3
1706,357,10
1706,231,10
1706,165,0
1706,148,3
1707,104,0
1707,231,0
1707,493,10
1707,334,10
1707,341,0
1708,202,7
1708,84,5
1708,170,9
1708,113,5
1708,483,5
1709,326,10
1709,107,10
1709,380,0
1709,482,5
1709,317,11
1710,239,4
1710,337,4
1710,312,4
1710,61,1
1710,470,10
1711,205,9
1711,253,2
1711,48,2
1711,47,2
1711,459,7
1712,347,10
1712,224,10
1712,116,11
1712,153,10
1712,493,10
1713,360,11
1713,488,11
1713,43,2
1713,292,11
1713,348,11
1714,286,8
1714,242,8
1714,197,6
1714,124,8
1714,220,4
1715,396,9
1715,483,5
1715,173,9
1715,309,3
1716,482,7
1716,372,2
1716,457,6
1716,265,3
1716,448,7
1717,430,0
1717,217,0
1717,377,2
1717,126,0
1717,85,0
1718,149,11
1718,138,10
1718,70,11
1718,169,0
1718,49,2
1719,123,5
1719,49,9
1719,387,5
1719,51,5
1719,353,5
1720,386,8
1720,181,9
1720,458,1
1720,106,1
1720,484,8
1721,212,0
1721,228,7
1721,241,6
1721,266,6
1721,101,6
1722,432,8
1722,219,0
1722,389,9
1722,360,0
1722,100,0
1723,455,10
1723,150,10
1723,152,10
1723,283,8
1723,384,10
1724,51,7
1724,245,8
1724,17,4
1724,46,4
1724,365,4
1725,10,7
1725,70,6
1725,62,7
1725,386,6
1725,277,6
1726,386,6
1726,76,4
1726,161,6
1726,124,6
1726,139,6
1727,131,1
1727,204,1
1727,378,0
1727,109,1
1727,351,0
1728,407,9
1728,266,9
1728,434,9
1728,147,9
1728,359,6
1729,222,9
1729,23,4
1729,2,4
1729,209,0
1729,424,6
1730,466,10
1730,300,3
1730,69,3
1730,311,7
1730,358,4
1731,48,3
1731,67,9
1731,242,5
1731,465,0
1731,176,11
1732,441,1
1732,188,1
1732,196,1
1732,346,1
1732,186,1
1733,334,11
1733,25,11
1733,320,11
1733,351,4
1733,94,11
1734,340,8
1734,99,2
1734,423,9
1734,102,10
1734,444,8
1735,360,1
1735,416,4
1735,82,9
1735,44,9
1735,467,4
1736,138,4
1736,286,4
1736,254,4
1736,197,7
1736,61,11
1737,411,1
1737,333,11
1737,415,4
1737,152,1
1737,138,1
1738,219,9
1738,16,6
1738,368,2
1738,376,6
1738,100,7
1739,206,3
1739,383,7
1739,293,2
1739,308,2
1739,298,2
1740,359,0
1740,147,6
1740,336,6
1740,253,5
1740,387,6
1741,403,7
1741,259,3
1741,302,1
1741,135,0
1741,76,10
1742,299,3
1742,382,3
1742,410,10
1742,369,11
1742,435,0
1743,272,0
1743,416,0
1743,339,0
1743,155,0
1743,442,9
1744,38,0
1744,439,5
1744,419,4
1744,363,3
1744,161,11
1745,310,0
1745,127,3
1745,131,9
1745,461,0
1745,179,7
1746,277,6
1746,293,6
1746,281,6
1746,255,6
1746,222,2
1747,31,9
1747,52,3
1747,62,1
1747,477,6
1747,72,8
1748,428,6
1748,234,6
1748,90,6
1748,79,6
1748,290,3
1749,118,10
1749,168,1
1749,146,1
1749,359,0
1749,126,8
1750,134,1
1750,160,1
1750,40,1
1750,78,1
1750,95,1
1751,43,0
1751,254,6
1751,133,0
1751,409,9
1751,330,6
1752,276,11
1752,421,11
1752,482,8
1752,135,0
1752,132,1
1753,373,11
1753,412,8
1753,449,7
1753,186,0
1753,494,11
1754,160,3
1754,71,8
1754,258,3
1754,230,3
1754,85,6
1755,399,8
1755,212,11
1755,64,11
1755,327,11
1755,302,11
1756,96,11
1756,490,7
1756,185,0
1756,176,7
1756,340,8
1757,297,4
1757,493,5
1757,393,1
1757,298,10
1757,217,3
1758,308,3
1758,182,5
1758,382,2
1758,333,7
1758,281,3
1759,164,8
1759,19,9
1759,295,11
1759,485,8
1759,166,5
1760,214,8
1760,305,3
1760,325,1
1760,40,10
1760,499,3
1761,147,8
1761,397,2
1761,230,2
1761,78,3
1761,478,7
1762,168,10
1762,54,2
1762,217,3
1762,14,2
1762,420,4
1763,164,1
1763,462,10
1763,266,6
1763,460,1
1763,1,7
1764,97,11
1764,419,11
1764,153,4
1764,104,9
1764,258,2
1765,447,6
1765,99,1
1765,36,0
1765,53,6
1765,424,10
1766,135,7
1766,48,2
1766,263,7
1766,277,7
1766,142,5
1767,331,7
1767,44,7
1767,274,4
1767,32,5
1767,167,7
1768,327,8
1768,167,8
1768,170,8
1768,495,7
1768,396,8
1769,165,7
1769,400,10
1769,109,0
1769,456,7
1769,251,1
1770,46,11
1770,57,11
1770,455,11
1770,256,11
1770,84,8
1771,65,6
1771,244,1
1771,154,10
1771,23,1
1771,455,1
1772,436,8
1772,243,8
1772,9,8
1772,309,9
1772,281,8
1773,486,8
1773,234,11
1773,106,4
1773,122,2
1773,400,1
1774,127,6
1774,370,6
1774,293,2
1774,72,6
1774,197,6
1775,99,5
1775,1,4
1775,289,7
1775,135,9
1775,357,4
1776,154,8
1776,58,0
1776,338,4
1776,46,11
1776,397,10
1777,193,8
1777,17,10
1777,66,2
1777,492,3
1777,426,3
1778,144,7
1778,384,0
1778,449,1
1778,4,9
1778,225,4
1779,211,0
1779,81,9
1779,416,9
1779,58,9
1779,99,4
1780,327,4
1780,85,7
1780,443,4
1780,174,4
1780,486,11
1781,335,8
1781,188,8
1781,133,8
1781,124,10
1781,242,7
1782,477,5
1782,46,6
1782,10,10
1782,113,5
1782,274,8
1783,192,1
1783,3,6
1783,312,10
1783,175,4
1783,374,5
1784,419,4
1784,383,1
1784,130,1
1784,204,7
1784,460,7
1785,190,8
1785,493,1
1785,337,6
1785,125,3
1785,315,2
1786,251,2
1786,364,6
1786,150,7
1786,28,0
1786,96,0
1787,131,6
1787,82,1
1787,395,9
1787,160,4
1787,308,3
1788,103,10
1788,285,3
1788,94,5
1788,276,10
1788,215,1
1789,350,10
1789,248,2
1789,210,2
1789,413,7
1789,201,2
1790,65,1
1790,209,8
1790,135,1
1790,288,5
1790,41,6
1791,347,4
1791,156,4
1791,454,4
1791,224,5
1791,440,4
1792,193,11
1792,247,5
1792,12,5
1792,478,10
1792,61,5
1793,190,6
1793,295,1
1793,143,2
1793,40,2
1793,32,9
1794,342,9
1794,454,6
1794,268,6
1794,48,5
1794,334,1
1795,414,4
1795,144,2
1795,48,6
1795,160,6
1795,443,10
1796,401,6
1796,134,6
1796,369,6
1796,442,10
1796,35,6
1797,491,1
1797,220,1
1797,263,1
1797,376,1
1797,475,0
1798,57,10
1798,442,3
1798,44,2
1798,121,4
1798,38,10
1799,229,6
1799,421,10
1799,162,0
1799,340,3
1799,44,7
1800,153,5
1800,131,5
1800,462,11
1800,346,5
1800,11,5
1801,25,11
1801,326,10
1801,238,7
1801,469,10
1801,2,10
1802,434,9
1802,31,7
1802,183,9
1802,416,10
1802,148,9
1803,270,11
1803,435,9
1803,28,5
1803,2,3
1803,256,7
1804,495,10
1804,417,10
1804,61,10
1804,227,10
1804,110,10
1805,197,3
1805,320,7
1805,451,1
1805,389,7
1805,175,7
1806,26,6
1806,211,9
1806,183,9
1806,158,10
1806,221,10
1807,318,9
1807,91,7
1807,466,0
1807,317,3
1807,222,5
1808,204,11
1808,337,6
1808,299,9
1808,385,9
1808,283,7
1809,354,0
1809,340,4
1809,149,4
1809,396,6
1809,179,6
1810,254,2
1810,286,5
1810,25,0
1810,493,7
1810,311,7
1811,457,10
1811,385,5
1811,228,7
1811,383,10
1811,150,7
1812,367,6
1812,70,6
1812,344,6
1812,339,6
1813,414,8
1813,275,8
1813,153,11
1813,350,10
1813,460,3
1814,433,10
1814,393,10
1814,117,10
1814,467,9
1814,27,10
1815,81,6
1815,310,6
1815,490,6
1815,198,0
1815,126,6
1816,40,6
1816,381,6
1816,183,6
1816,127,6
1816,400,7
1817,14,10
1817,377,10
1817,73,10
1817,286,10
1817,222,8
1818,61,10
1818,495,10
1818,254,0
1818,212,7
1818,15,11
1819,90,2
1819,434,8
1819,314,9
1819,6,1
1819,131,3
1820,122,0
1820,243,5
1820,372,0
1820,57,2
1820,326,0
1821,50,9
1821,86,3
1821,70,10
1821,13,3
1821,188,6
1822,350,2
1822,330,8
1822,386,6
1822,78,6
1822,467,8
1823,421,0
1823,254,0
1823,299,0
1823,131,10
1823,439,3
1824,378,10
1824,464,10
1824,76,10
1824,446,10
1824,330,10
1825,389,8
1825,110,0
1825,381,0
1825,142,0
1825,57,10
1826,476,1
1826,228,7
1826,198,7
1826,412,1
1826,222,9
1827,62,5
1827,143,7
1827,232,5
1827,467,5
1827,330,3
1828,55,10
1828,136,10
1828,391,2
1828,162,10
1828,440,3
1829,13,9
1829,138,4
1829,133,9
1829,434,0
1829,87,9
1830,445,1
1830,112,1
1830,491,6
1830,473,10
1830,59,11
1831,217,4
1831,449,8
1831,362,3
1831,297,7
1831,210,8
1832,104,7
1832,316,4
1832,248,3
1832,95,1
1832,196,8
1833,72,8
1833,496,8
1833,364,0
1833,105,8
1833,34,8
1834,389,4
1834,104,6
1834,359,6
1834,338,2
1834,317,8
1835,173,8
1835,139,6
1835,412,0
1835,210,6
1835,475,4
1836,165,2
1836,119,1
1836,38,3
1836,198,9
1836,282,0
1837,233,9
1837,136,4
1837,7,9
1837,267,9
1837,315,4
1838,291,2
1838,26,2
1838,94,11
1838,10,2
1838,328,10
1839,229,9
1839,363,9
1839,308,9
1839,66,11
1839,59,9
1840,152,1
1840,169,6
1840,278,9
1840,282,1
1841,89,8
1841,93,1
1841,115,1
1841,460,1
1841,443,1
1842,362,10
1842,371,5
1842,269,5
1842,279,10
1842,418,10
1843,461,10
1843,356,10
1843,489,10
1843,388,10
1843,1,0
1844,106,8
1844,248,7
1844,253,11
1844,458,7
1844,8,8
1845,412,5
1845,125,6
1845,231,9
1845,5,5
1845,149,5
1846,244,0
1846,204,5
1846,358,2
1846,352,0
1846,333,2
1847,435,6
1847,475,3
1847,145,3
1847,223,6
1847,448,6
1848,305,3
1848,74,7
1848,201,1
1848,471,2
1848,296,4
1849,193,10
1849,63,10
1849,217,5
1849,40,10
1849,383,5
1850,59,4
1850,268,1
1850,246,6
1850,262,9
1850,261,1
1851,42,10
1851,398,10
1851,421,2
1851,292,5
1851,188,10
1852,434,6
1852,234,0
1852,214,6
1852,432,4
1852,86,8
1853,268,2
1853,327,7
1853,276,2
1853,284,7
1853,147,4
1854,395,9
1854,189,7
1854,180,1
1854,283,6
1854,455,9
1855,399,5
1855,5,5
1855,21,5
1855,429,8
1856,213,2
1856,329,2
1856,174,2
1856,305,2
1856,33,2
1857,251,8
1857,331,9
1857,236,4
1857,376,1
1857,470,3
1858,59,7
1858,339,4
1858,363,11
1858,152,4
1858,9,5
1859,385,4
1859,340,2
1859,21,8
1859,287,6
1859,31,7
1860,298,1
1860,317,5
1860,328,2
1860,45,3
1860,117,1
1861,275,9
1861,478,2
1861,145,2
1861,344,2
1861,239,0
1862,426,0
1862,18,10
1862,352,0
1862,81,0
1862,104,0
1863,112,8
1863,446,10
1863,229,6
1863,226,6
1863,167,7
1864,124,7
1864,107,9
1864,402,4
1864,212,6
1864,125,4
1865,402,3
1865,134,9
1865,345,3
1865,358,3
1865,483,1
1866,387,4
1866,249,4
1866,223,1
1866,277,5
1866,38,6
1867,472,2
1867,182,2
1867,18,2
1867,408,2
1867,50,2
1868,205,3
1868,303,9
1868,451,9
1868,213,9
1868,189,7
1869,210,4
1869,26,4
1869,185,1
1869,386,1
1869,238,3
1870,338,1
1870,380,1
1870,499,10
1870,447,10
1870,425,1
1871,476,4
1871,86,0
1871,442,6
1871,131,5
1871,218,0
1872,339,7
1872,169,7
1872,456,3
1872,336,2
1872,370,0
1873,448,7
1873,34,0
1873,173,7
1873,12,5
1873,265,11
1874,136,3
1874,94,11
1874,120,3
1874,394,3
1874,164,3
1875,44,7
1875,36,2
1875,8,7
1875,197,7
1875,55,7
1876,451,4
1876,101,11
1876,177,4
1876,149,11
1876,116,8
1877,248,4
1877,457,0
1877,143,10
1877,266,0
1877,294,10
1878,496,1
1878,492,1
1878,59,11
1878,104,8
1879,485,5
1879,474,2
1879,291,7
1879,248,10
1879,459,4
1880,380,5
1880,448,11
1880,473,0
1880,440,3
1880,495,0
1881,62,6
1881,50,6
1881,405,6
1881,317,6
1881,479,0
1882,116,1
1882,369,1
1882,177,10
1882,493,1
1882,5,1
1883,389,0
1883,420,0
1883,366,0
1883,81,0
1883,147,0
1884,277,0
1884,223,0
1884,482,8
1884,126,0
1884,10,5
1885,84,9
1885,436,9
1885,111,4
1885,5,3
1885,175,2
1886,273,1
1886,426,6
1886,444,11
1886,355,11
1887,263,7
1887,413,6
1887,64,7
1887,158,7
1887,496,7
1888,386,1
1888,124,1
1888,438,1
1888,382,4
1888,242,4
1889,377,6
1889,454,10
1889,369,6
1889,243,6
1889,169,6
1890,278,6
1890,304,9
1890,250,7
1890,238,9
1890,427,4
1891,200,7
1891,162,7
1891,62,6
1891,476,2
1891,131,6
1892,48,7
1892,163,11
1892,319,11
1892,354,2
1892,1,7
1893,339,9
1893,252,1
1893,386,9
1893,405,9
1893,142,9
1894,220,6
1894,314,6
1894,227,0
1894,454,6
1894,5,6
1895,177,4
1895,164,4
1895,439,9
1895,278,4
1895,62,4
1896,324,1
1896,462,1
1896,304,7
1896,336,1
1896,410,1
1897,149,0
1897,365,0
1897,179,9
1897,177,0
1897,75,0
1898,478,7
1898,244,11
1898,428,11
1898,206,2
1898,420,8
1899,45,0
1899,425,0
1899,390,11
1899,349,9
1899,77,1
1900,480,4
1900,453,4
1900,100,9
1900,326,11
1900,415,4
1901,191,10
1901,210,10
1901,250,8
1901,414,2
1901,238,2
1902,474,10
1902,446,3
1902,11,2
1902,426,11
1902,493,3
1903,274,9
1903,432,8
1903,471,9
1903,292,9
1903,332,11
1904,321,11
1904,116,5
1904,361,11
1904,43,11
1904,252,11
1905,448,4
1905,52,4
1905,242,4
1905,193,3
1905,300,0
1906,238,7
1906,138,9
1906,470,1
1906,316,1
1906,466,1
1907,472,0
1907,61,6
1907,53,2
1907,365,6
1907,158,6
1908,299,9
1908,207,6
1908,80,9
1908,435,9
1908,474,9
1909,137,5
1909,316,5
1909,392,5
1909,485,6
1909,260,11
1910,59,3
1910,410,7
1910,146,3
1910,374,7
1910,197,7
1911,227,9
1911,121,7
1911,177,4
1911,403,6
1911,77,2
1912,84,0
1912,193,7
1912,449,4
1912,327,0
1912,200,1
1913,255,5
1913,130,7
1913,98,7
1913,280,7
1913,487,7
1914,409,1
1914,308,1
1914,231,1
1914,46,10
1914,450,1
1915,462,9
1915,327,7
1915,353,7
1915,164,7
1915,154,7
1916,244,10
1916,29,3
1916,311,5
1916,295,3
1916,328,3
1917,172,4
1917,70,4
1917,334,3
1917,229,4
1917,22,6
1918,11,11
1918,70,11
1918,144,11
1918,200,1
1918,347,10
1919,355,1
1919,336,1
1919,299,1
1919,88,1
1919,4,10
1920,439,11
1920,221,11
1920,10,9
1920,188,8
1920,145,8
1921,374,10
1921,178,0
1921,206,11
1921,345,5
1921,460,5
1922,68,10
1922,279,10
1922,493,4
1922,115,9
1922,437,10
1923,99,11
1923,98,9
1923,124,11
1923,319,0
1923,467,11
1924,447,2
1924,281,2
1924,386,2
1924,483,4
1924,185,11
1925,81,0
1925,31,3
1925,238,5
1925,481,2
1925,63,1
1926,383,7
1926,146,2
1926,292,2
1926,487,2
1926,137,2
1927,370,9
1927,233,9
1927,368,0
1927,11,3
1927,310,1
1928,110,5
1928,412,3
1928,23,5
1928,311,5
1928,215,7
1929,385,11
1929,203,11
1929,390,11
1929,363,11
1929,387,11
1930,384,10
1930,146,10
1930,318,11
1930,78,3
1930,148,10
1931,41,5
1931,12,0
1931,421,3
1931,40,5
1931,374,9
1932,65,0
1932,202,1
1932,64,6
1932,282,11
1932,383,5
1933,422,5
1933,292,6
1933,161,2
1933,433,5
1933,229,6
1934,290,5
1934,225,3
1934,98,5
1934,416,10
1934,423,0
1935,430,0
1935,10,5
1935,54,0
1935,147,3
1935,314,0
1936,387,8
1936,5,8
1936,233,8
1936,263,8
1936,436,8
1937,267,10
1937,406,0
1937,92,10
1937,245,11
1937,183,2
1938,379,3
1938,90,4
1938,446,4
1938,170,8
1938,272,4
1939,281,0
1939,178,4
1939,56,9
1939,139,4
1939,436,8
1940,81,1
1940,102,7
1940,470,7
1940,13,4
1940,493,8
1941,160,5
1941,245,9
1941,475,4
1941,367,10
1941,52,11
1942,83,11
1942,360,1
1942,111,10
1942,342,11
1942,20,7
1943,424,3
1943,138,9
1943,340,9
1943,157,11
1943,74,3
1944,161,0
1944,65,5
1944,278,5
1944,115,0
1944,404,8
1945,396,4
1945,100,11
1945,132,0
1945,397,10
1945,484,5
1946,392,5
1946,213,0
1946,84,7
1946,151,9
1946,33,3
1947,479,6
1947,252,4
1947,280,5
1947,324,4
1947,334,7
1948,458,8
1948,332,8
1948,159,6
1948,353,7
1948,359,8
1949,117,3
1949,342,6
1949,239,4
1949,339,6
1949,477,6
1950,194,9
1950,190,9
1950,240,2
1950,106,9
1950,22,7
1951,262,5
1951,422,11
1951,380,9
1951,364,8
1951,95,4
1952,53,9
1952,230,0
1952,209,6
1952,249,6
1952,328,0
1953,99,6
1953,431,8
1953,63,4
1953,347,9
1953,11,6
1954,150,1
1954,297,7
1954,418,9
1954,157,8
1954,202,8
1955,184,9
1955,435,4
1955,321,8
1955,15,4
1955,406,4
1956,7,10
1956,417,5
1956,13,10
1956,297,10
1956,290,3
1957,153,1
1957,381,3
1957,87,1
1957,221,1
1957,73,1
1958,91,8
1958,202,0
1958,159,8
1958,19,11
1958,496,0
1959,95,6
1959,487,6
1959,294,6
1959,445,4
1959,28,4
1960,314,10
1960,412,8
1960,221,0
1960,201,1
1960,472,7
1961,251,6
1961,161,11
1961,168,11
1961,298,6
1961,164,3
1962,399,3
1962,1,2
1962,30,0
1962,124,10
1962,14,9
1963,423,7
1963,153,1
1963,173,4
1963,311,4
1963,371,4
1964,153,4
1964,200,4
1964,20,1
1964,251,8
1964,423,11
1965,258,8
1965,229,3
1965,415,8
1965,269,1
1965,255,8
1966,415,11
1966,362,11
1966,490,4
1966,192,6
1966,497,10
1967,17,11
1967,33,0
1967,54,10
1967,213,10
1967,34,2
1968,200,8
1968,154,10
1968,37,7
1968,206,0
1968,114,10
1969,41,6
1969,491,0
1969,440,6
1969,350,0
1969,189,4
1970,217,3
1970,245,7
1970,372,5
1970,443,3
1970,127,3
1971,483,3
1971,241,3
1971,479,10
1971,449,3
1971,15,3
1972,96,0
1972,427,2
1972,251,7
1972,300,0
1972,305,5
1973,425,8
1973,392,8
1973,446,9
1973,293,8
1973,489,3
1974,201,8
1974,110,0
1974,189,1
1974,207,8
1974,142,3
1975,402,3
1975,290,5
1975,447,3
1975,482,2
1975,19,3
1976,207,5
1976,107,5
1976,254,5
1976,77,5
1976,199,7
1977,148,2
1977,6,2
1977,369,2
1977,214,7
1977,452,10
1978,210,6
1978,409,6
1978,117,8
1978,81,6
1978,327,6
1979,63,4
1979,232,4
1979,176,4
1979,316,3
1979,147,4
1980,301,9
1980,217,11
1980,367,9
1980,11,0
1980,124,4
1981,312,10
1981,308,10
1981,5,10
1981,270,10
1981,482,8
1982,434,0
1982,444,2
1982,38,10
1982,331,3
1982,232,2
1983,220,10
1983,452,1
1983,105,1
1983,434,5
1983,377,5
1984,445,2
1984,72,2
1984,116,6
1984,328,2
1984,424,9
1985,225,5
1985,241,8
1985,114,8
1985,268,8
1985,71,9
1986,200,10
1986,426,10
1986,350,4
1986,342,10
1986,4,3
1987,78,2
1987,185,11
1987,365,0
1987,338,2
1987,152,2
1988,455,4
1988,494,8
1988,312,9
1988,381,4
1988,124,9
1989,483,10
1989,377,7
1989,147,0
1989,133,7
1989,129,4
1990,146,10
1990,350,10
1990,139,1
1990,28,2
1990,110,5
1991,70,4
1991,4,11
1991,216,11
1991,174,10
1992,216,0
1992,27,6
1992,159,0
1992,91,0
1992,241,0
1993,288,11
1993,97,6
1993,241,8
1993,474,6
1993,486,6
1994,0,5
1994,230,3
1994,156,3
1994,336,3
1994,395,3
1995,419,8
1995,445,0
1995,460,3
1995,140,5
1995,379,11
1996,75,10
1996,290,4
1996,246,3
1996,219,8
1996,308,4
1997,311,11
1997,383,7
1997,155,9
1997,289,5
1998,291,1
1998,440,3
1998,79,3
1998,453,1
1998,6,3
1999,393,8
1999,69,10
1999,163,4
1999,329,10
1999,487,11
2000,379,5
2000,183,4
2000,206,4
2000,396,4
2000,489,11
2001,434,6
2001,190,6
2001,169,6
2001,0,6
2001,292,9
2002,94,9
2002,158,9
2002,202,6
2002,3,6
2002,486,9
2003,210,5
2003,439,8
2003,179,2
2003,258,5
2003,305,5
2004,9,5
2004,340,0
2004,251,9
2004,448,1
2004,195,6
2005,161,6
2005,495,8
2005,400,5
2005,323,1
2005,32,8
2006,127,0
2006,76,6
2006,186,4
2006,116,11
2006,187,4
2007,173,1
2007,467,7
2007,254,2
2007,143,4
2007,380,2
2008,450,4
2008,141,7
2008,127,7
2008,460,7
2008,169,7
2009,132,7
2009,407,5
2009,24,2
2009,50,5
2009,326,0
2010,461,7
2010,50,7
2010,438,0
2010,227,8
2010,111,7
2011,233,0
2011,125,4
2011,305,8
2011,108,5
2011,98,4
2012,286,11
2012,118,8
2012,154,0
2012,107,0
2012,388,0
2013,76,5
2013,292,5
2013,166,1
2013,310,5
2013,406,5
2014,347,6
2014,288,6
2014,21,6
2014,435,6
2014,123,2
2015,285,5
2015,221,5
2015,171,9
2015,93,4
2015,454,4
2016,476,3
2016,485,2
2016,331,2
2016,254,2
2016,206,2
2017,87,4
2017,143,7
2017,496,10
2017,127,4
2017,473,4
2018,3,3
2018,448,2
2018,464,8
2018,347,11
2018,16,3
2019,175,2
2019,231,5
2019,235,6
2019,128,0
2019,308,2
2020,350,9
2020,91,4
2020,197,7
2020,130,4
2020,269,4
2021,363,8
2021,292,2
2021,499,8
2021,201,9
2021,360,8
2022,373,3
2022,264,2
2022,159,3
2022,275,9
2022,425,9
2023,183,10
2023,259,9
2023,35,10
2023,460,5
2023,21,3
2024,188,7
2024,386,11
2024,477,7
2024,495,9
2024,58,7
2025,188,1
2025,489,1
2025,127,2
2025,237,1
2025,406,1
2026,85,6
2026,31,6
2026,390,3
2026,410,3
2026,136,3
2027,208,6
2027,397,11
2027,28,2
2027,70,3
2027,68,11
2028,278,0
2028,100,0
2028,483,0
2028,252,8
2029,471,2
2029,401,5
2029,331,3
2029,94,4
2029,131,10
2030,14,0
2030,493,9
2030,430,7
2030,38,9
2030,490,9
2031,364,8
2031,171,8
2031,54,8
2031,148,7
2031,157,0
2032,411,1
2032,135,3
2032,100,5
2032,214,5
2032,160,6
2033,239,2
2033,110,2
2033,33,11
2033,158,2
2034,3,8
2034,49,6
2034,239,3
2034,154,4
2034,47,6
2035,161,7
2035,79,9
2035,72,7
2035,264,7
2035,106,2
2036,449,10
2036,39,0
2036,180,0
2036,27,4
2036,468,3
2037,226,6
2037,143,3
2037,389,10
2037,65,6
2037,206,4
2038,289,10
2038,348,9
2038,279,0
2038,418,3
2038,263,8
2039,463,8
2039,291,6
2039,271,0
2039,318,8
2039,373,6
2040,463,4
2040,285,9
2040,262,7
2040,140,6
2040,133,4
2041,43,6
2041,6,9
2041,478,6
2041,34,9
2041,185,9
2042,400,3
2042,155,3
2042,129,10
2042,315,8
2042,164,3
2043,456,6
2043,235,11
2043,405,11
2043,326,5
2043,113,11
2044,301,10
2044,352,10
2044,89,2
2044,434,0
2044,123,4
2045,272,2
2045,262,9
2045,148,9
2045,32,2
2045,0,4
2046,324,0
2046,457,1
2046,42,0
2046,382,0
2046,174,7
2047,469,11
2047,251,0
2047,3,0
2047,172,0
2047,473,6
2048,114,7
2048,457,7
2048,487,7
2048,71,7
2048,235,6
2049,495,9
2049,457,6
2049,97,10
2049,430,8
2049,227,7
2050,257,3
2050,43,3
2050,449,3
2050,415,6
2050,279,3
2051,12,2
2051,36,6
2051,222,4
2051,232,11
2051,270,9
2052,383,8
2052,488,2
2052,20,9
2052,229,10
2052,351,2
2053,235,7
2053,445,3
2053,357,3
2053,366,3
2053,425,6
2054,268,1
2054,208,10
2054,329,1
2054,492,1
2054,267,1
2055,215,1
2055,326,1
2055,41,10
2055,243,6
2055,7,6
2056,230,1
2056,363,8
2056,290,5
2056,431,1
2056,439,1
2057,153,11
2057,378,8
2057,134,7
2057,281,2
2058,376,3
2058,441,10
2058,496,10
2058,397,10
2058,168,8
2059,215,6
2059,420,2
2059,157,4
2059,44,2
2059,11,3
2060,216,0
2060,6,0
2060,51,0
2060,262,1
2060,18,0
2061,301,6
2061,193,1
2061,398,11
2061,385,2
2062,285,2
2062,90,1
2062,212,2
2062,417,11
2062,88,2
2063,222,10
2063,59,6
2063,16,9
2063,250,3
2063,287,6
2064,235,7
2064,172,10
2064,168,10
2064,16,11
2064,162,0
2065,263,3
2065,415,0
2065,88,3
2065,306,0
2065,177,0
2066,86,1
2066,484,5
2066,386,8
2066,163,11
2066,201,5
2067,76,5
2067,308,5
2067,344,5
2067,61,3
2067,396,5
2068,132,7
2068,139,5
2068,280,9
2068,3,2
2068,105,10
2069,462,10
2069,146,0
2069,494,7
2069,330,1
2069,22,0
2070,276,7
2070,389,0
2070,235,7
2070,85,0
2070,189,7
2071,388,7
2071,204,6
2071,180,7
2071,302,1
2071,77,7
2072,0,10
2072,379,4
2072,490,4
2072,395,0
2072,478,4
2073,265,4
2073,405,7
2073,374,0
2073,332,1
2073,447,7
2074,228,11
2074,229,9
2074,143,9
2074,278,6
2074,300,3
2075,237,0
2075,101,9
2075,270,0
2075,246,0
2075,178,5
2076,414,4
2076,176,2
2076,112,6
2076,239,4
2076,432,0
2077,80,1
2077,138,1
2077,321,9
2077,327,1
2077,427,11
2078,196,10
2078,90,9
2078,417,2
2078,284,1
2078,275,1
2079,238,9
2079,222,7
2079,185,11
2079,483,3
2079,249,9
2080,424,11
2080,426,6
2080,361,2
2080,262,10
2080,64,2
2081,472,0
2081,335,7
2081,409,9
2081,108,4
2081,143,3
2082,214,11
2082,6,11
2082,124,4
2082,324,11
2082,240,9
2083,338,8
2083,97,0
2083,444,8
2083,251,11
2083,341,3
2084,369,9
2084,236,5
2084,241,10
2084,216,2
2084,7,2
2085,161,9
2085,447,9
2085,417,3
2085,439,5
2085,196,7
2086,15,3
2086,466,7
2086,200,10
2086,435,2
2086,431,5
2087,305,6
2087,39,6
2087,375,11
2087,86,6
2087,307,7
2088,261,10
2088,131,10
2088,395,10
2088,48,8
2088,434,10
2089,266,4
2089,279,6
2089,85,3
2089,253,9
2089,410,8
2090,15,8
2090,231,9
2090,308,9
2090,342,9
2090,416,6
2091,349,6
2091,239,6
2091,111,6
2091,83,11
2091,117,2
2092,346,0
2092,287,0
2092,333,0
2092,221,10
2093,371,0
2093,263,0
2093,49,0
2093,25,0
2093,331,4
2094,463,4
2094,153,10
2094,90,10
2094,376,11
2094,321,3
2095,325,7
2095,84,10
2095,273,8
2095,107,3
2095,175,1
2096,331,10
2096,28,9
2096,197,9
2096,398,9
2096,491,9
2097,254,8
2097,378,6
2097,242,7
2097,52,8
2097,20,8
2098,29,8
2098,117,8
2098,258,8
2098,492,4
2098,350,5
2099,58,7
2099,15,2
2099,247,2
2099,181,9
2099,315,2
2100,354,9
2100,139,10
2100,315,10
2100,492,10
2100,452,9
2101,29,8
2101,350,8
2101,138,8
2101,163,8
2101,334,8
2102,173,1
2102,409,7
2102,482,0
2102,181,4
2102,353,2
2103,23,11
2103,50,11
2103,54,11
2103,170,7
2103,295,11
2104,281,7
2104,45,10
2104,495,10
2104,22,7
2104,99,7
2105,421,4
2105,305,4
2105,333,4
2105,93,3
2105,434,4
2106,155,8
2106,472,10
2106,338,3
2106,280,10
2106,5,10
2107,68,0
2107,457,3
2107,182,7
2107,76,7
2107,224,10
2108,397,3
2108,330,2
2108,347,6
2108,430,1
2108,62,2
2109,188,2
2109,81,2
2109,103,2
2109,175,2
2109,345,8
2110,272,7
2110,173,7
2110,475,0
2110,465,7
2110,414,11
2111,14,1
2111,96,1
2111,306,1
2111,285,7
2111,25,1
2112,184,9
2112,29,9
2112,139,9
2112,333,9
2112,16,10
2113,295,0
2113,81,0
2113,421,0
2113,308,4
2113,256,0
2114,336,0
2114,208,7
2114,192,10
2114,373,11
2114,61,2
2115,219,4
2115,489,4
2115,483,4
2115,167,4
2115,259,4
2116,210,5
2116,495,5
2116,22,7
2116,413,9
2116,112,1
2117,309,1
2117,130,8
2117,408,0
2117,54,10
2117,220,3
2118,89,3
2118,431,2
2118,78,3
2118,132,8
2118,202,6
2119,37,1
2119,231,1
2119,174,1
2119,144,0
2119,195,0
2120,410,8
2120,418,8
2120,498,8
2120,385,11
2120,248,11
2121,118,3
2121,90,0
2121,210,0
2121,218,4
2121,292,5
2122,224,2
2122,395,2
2122,422,4
2122,281,4
2122,365,4
2123,388,4
2123,235,2
2123,468,6
2123,410,3
2123,274,0
2124,453,8
2124,43,1
2124,405,8
2124,160,8
2124,346,8
2125,213,6
2125,271,6
2125,487,0
2125,302,6
2125,372,6
2126,180,8
2126,316,8
2126,417,11
2126,49,0
2126,459,5
2127,101,2
2127,168,0
2127,496,2
2127,274,2
2127,358,0
2128,217,11
2128,199,2
2128,384,10
2128,58,1
2128,76,2
2129,33,7
2129,488,5
2129,464,1
2129,98,7
2129,218,7
2130,356,9
2130,479,1
2130,490,1
2130,115,8
2131,31,9
2131,232,3
2131,106,8
2131,302,7
2131,99,0
2132,465,5
2132,57,2
2132,427,2
2132,330,4
2132,499,2
2133,285,6
2133,238,1
2133,133,4
2133,60,1
2133,398,8
2134,80,4
2134,309,3
2134,88,6
2134,35,5
2134,172,8
2135,475,4
2135,413,4
2135,103,4
2135,281,8
2135,427,4
2136,49,11
2136,88,9
2136,246,10
2136,179,10
2136,68,9
2137,162,5
2137,83,5
2137,42,4
2137,184,3
2137,471,1
2138,408,2
2138,124,2
2138,84,6
2138,149,10
2138,327,2
2139,134,7
2139,356,7
2139,269,7
2139,419,1
2139,57,6
2140,488,11
2140,269,8
2140,119,11
2140,371,11
2140,456,1
2141,170,6
2141,226,8
2141,118,10
2141,432,6
2141,26,8
2142,252,7
2142,375,5
2142,78,8
2142,65,5
2142,394,5
2143,46,4
2143,165,7
2143,457,4
2143,437,0
2143,122,4
2144,395,3
2144,485,9
2144,184,7
2144,12,4
2144,454,7
2145,361,1
2145,9,8
2145,157,0
2145,43,8
2145,405,5
2146,135,4
2146,113,7
2146,66,10
2146,463,2
2146,162,7
2147,76,1
2147,376,11
2147,365,1
2147,223,1
2147,418,0
2148,44,1
2148,63,11
2148,274,6
2148,423,4
2148,466,3
2149,474,9
2149,169,4
2149,164,0
2149,345,4
2149,245,9
2150,418,5
2150,166,1
2150,454,0
2150,211,0
2150,306,9
2151,21,6
2151,396,8
2151,123,2
2151,339,4
2151,206,7
2152,250,2
2152,398,5
2152,361,3
2152,102,11
2152,329,2
2153,54,3
2153,460,5
2153,270,0
2153,259,3
2153,452,9
2154,415,10
2154,297,9
2154,463,11
2154,37,8
2154,176,4
2155,183,10
2155,76,10
2155,121,7
2155,280,3
2155,51,10
2156,248,3
2156,339,6
2156,260,7
2156,440,4
2156,85,9
2157,363,8
2157,22,4
2157,225,7
2157,491,6
2157,428,6
2158,196,9
2158,139,5
2158,394,9
2158,407,9
2159,371,4
2159,18,0
2159,272,1
2159,495,4
2159,28,2
2160,377,1
2160,352,1
2160,213,1
2160,318,1
2160,382,1
2161,453,0
2161,218,2
2161,43,6
2161,274,9
2161,38,2
2162,17,9
2162,39,2
2162,170,3
2162,146,5
2162,396,4
2163,166,3
2163,335,1
2163,391,3
2163,74,5
2163,274,2
2164,441,11
2164,16,9
2164,40,11
2164,380,0
2164,195,3
2165,160,3
2165,14,4
2165,363,7
2165,51,7
2165,354,7
2166,111,5
2166,286,5
2166,208,10
2166,253,5
2166,231,5
2167,393,8
2167,365,8
2167,204,4
2167,266,1
2167,320,10
2168,233,3
2168,261,3
2168,269,3
2168,465,11
2168,92,3
2169,379,4
2169,300,4
2169,254,7
2169,119,4
2169,143,10
2170,230,6
2170,284,6
2170,342,6
2170,303,8
2170,363,8
2171,192,7
2171,75,7
2171,210,7
2171,253,7
2171,262,4
2172,195,0
2172,403,9
2172,41,9
2172,215,1
2172,483,9
2173,162,0
2173,127,4
2173,207,0
2173,2,0
2173,446,7
2174,244,5
2174,289,0
2174,397,5
2174,299,3
2174,90,3
2175,374,11
2175,471,10
2175,204,1
2175,161,10
2175,475,1
2176,240,7
2176,493,5
2176,456,5
2176,290,0
2176,17,7
2177,445,0
2177,314,5
2177,491,5
2177,395,0
2177,306,11
2178,35,10
2178,146,1
2178,415,10
2178,211,10
2178,335,6
2179,419,3
2179,37,2
2179,9,9
2179,388,3
2179,413,8
2180,189,7
2180,393,9
2180,421,1
2180,194,1
2180,458,7
2181,463,3
2181,480,1
2181,488,0
2181,30,3
2181,183,9
2182,293,7
2182,154,3
2182,337,3
2182,176,3
2182,191,3
2183,21,8
2183,447,8
2183,180,0
2183,206,8
2183,228,5
2184,263,7
2184,253,5
2184,55,7
2184,488,10
2184,3,11
2185,195,3
2185,132,9
2185,464,3
2185,425,0
2185,265,0
2186,91,9
2186,100,6
2186,448,9
2186,479,9
2186,221,8
2187,159,0
2187,15,7
2187,217,2
2187,334,11
2187,166,11
2188,494,10
2188,312,7
2188,237,2
2188,319,3
2188,215,3
2189,94,8
2189,59,0
2189,215,8
2189,35,10
2189,374,3
2190,453,11
2190,348,8
2190,124,8
2190,415,7
2190,386,8
2191,327,1
2191,453,3
2191,440,1
2191,398,4
2191,58,9
2192,483,6
2192,155,2
2192,384,6
2192,372,10
2192,231,11
2193,373,1
2193,489,1
2193,494,1
2193,36,1
2193,432,1
2194,306,10
2194,472,6
2194,313,6
2194,33,6
2194,40,6
2195,178,11
2195,156,11
2195,31,7
2195,247,0
2195,189,0
2196,212,4
2196,450,7
2196,493,10
2196,74,4
2196,143,9
2197,35,9
2197,32,9
2197,434,10
2197,276,2
2197,215,11
2198,480,6
2198,353,3
2198,101,6
2198,166,4
2198,474,9
2199,421,3
2199,136,3
2199,341,2
2199,363,0
2199,135,3
2200,19,5
2200,345,7
2200,119,4
2200,157,1
2200,444,9
2201,492,7
2201,17,7
2201,342,7
2201,91,7
2201,330,9
2202,373,7
2202,278,1
2202,345,2
2202,114,4
2202,48,9
2203,366,5
2203,117,10
2203,252,3
2203,122,11
2203,341,7
2204,191,0
2204,419,9
2204,276,9
2204,469,9
2204,176,10
2205,477,6
2205,112,8
2205,377,6
2205,312,6
2205,429,6
2206,249,11
2206,263,11
2206,14,11
2206,470,4
2206,276,10
2207,13,6
2207,196,6
2207,226,6
2207,277,3
2207,179,6
2208,183,6
2208,0,3
2208,146,10
2208,113,10
2208,44,10
2209,28,7
2209,270,7
2209,395,7
2209,435,11
2209,337,2
2210,174,10
2210,177,10
2210,246,9
2210,212,10
2210,235,0
2211,171,0
2211,282,9
2211,85,5
2211,479,0
2211,396,11
2212,453,5
2212,338,1
2212,237,5
2212,173,4
2212,16,5
2213,56,1
2213,326,1
2213,219,0
2213,42,1
2213,28,1
2214,276,4
2214,285,2
2214,30,9
2214,80,9
2214,64,0
2215,22,3
2215,66,3
2215,186,10
2215,231,3
2215,174,7
2216,37,3
2216,222,5
2216,181,3
2216,219,3
2216,286,9
2217,306,6
2217,368,11
2217,345,11
2217,249,7
2217,416,3
2218,362,0
2218,16,7
2218,119,4
2218,345,4
2218,382,4
2219,232,8
2219,54,8
2219,349,0
2219,447,8
2219,399,8
2220,157,3
2220,20,9
2220,120,11
2220,225,7
2220,440,7
2221,483,11
2221,390,3
2221,78,6
2221,249,6
2221,18,8
2222,52,11
2222,34,11
2222,66,0
2222,226,11
2222,167,10
2223,140,6
2223,350,6
2223,40,6
2223,341,8
2223,389,9
2224,403,8
2224,487,11
2224,451,11
2224,367,8
2224,259,11
2225,194,7
2225,342,8
2225,455,10
2225,105,11
2225,399,7
2226,223,7
2226,43,10
2226,312,10
2226,333,10
2226,56,10
2227,366,9
2227,207,6
2227,152,6
2227,415,6
2227,92,6
2228,90,9
2228,433,9
2228,498,6
2228,370,3
2228,445,9
2229,234,5
2229,62,5
2229,387,5
2229,226,8
2229,96,7
2230,251,11
2230,279,11
2230,236,11
2230,126,11
2230,101,11
2231,415,11
2231,423,5
2231,365,9
2231,413,5
2231,93,5
2232,204,1
2232,338,3
2232,406,11
2232,379,3
2232,346,11
2233,253,6
2233,194,6
2233,440,2
2233,324,6
2233,225,6
2234,150,8
2234,282,11
2234,204,3
2234,235,1
2234,487,5
2235,10,4
2235,130,3
2235,384,3
2235,128,9
2235,29,3
2236,441,6
2236,330,7
2236,357,6
2236,103,6
2236,300,1
2237,206,2
2237,484,4
2237,297,3
2237,64,3
2237,130,3
2238,54,10
2238,351,2
2238,131,7
2238,219,10
2238,394,10
2239,32,2
2239,107,2
2239,108,7
2239,143,2
2239,341,3
2240,70,7
2240,458,10
2240,69,4
2240,448,5
2240,2,8
2241,344,8
2241,299,8
2241,470,9
2241,412,8
2241,223,2
2242,228,5
2242,187,9
2242,434,8
2242,420,4
2242,386,6
2243,43,2
2243,139,8
2243,108,10
2243,453,8
2243,199,9
2244,499,10
2244,301,11
2244,144,4
2244,87,7
2244,348,3
2245,137,9
2245,35,3
2245,383,8
2245,58,0
2245,261,1
2246,220,9
2246,231,9
2246,214,9
2246,459,11
2246,255,10
2247,207,8
2247,97,8
2247,56,6
2247,398,8
2247,401,10
2248,61,11
2248,374,11
2248,305,11
2248,149,5
2248,74,7
2249,470,7
2249,473,8
2249,186,1
2249,31,7
2249,124,7
2250,349,9
2250,422,5
2250,451,5
2250,255,5
2250,25,7
2251,59,10
2251,485,10
2251,134,7
2251,439,9
2251,351,10
2252,90,4
2252,242,4
2252,387,4
2252,365,7
2252,480,3
2253,116,4
2253,77,9
2253,167,1
2253,206,9
2253,392,10
2254,305,7
2254,432,10
2254,202,6
2254,32,6
2254,38,10
2255,493,9
2255,227,5
2255,114,3
2255,45,2
2255,172,3
2256,235,1
2256,371,10
2256,299,0
2256,9,3
2256,58,4
2257,109,11
2257,227,3
2257,217,3
2257,431,5
2258,0,1
2258,203,1
2258,454,4
2258,115,1
2258,202,1
2259,374,10
2259,105,7
2259,71,11
2259,423,11
2259,4,6
2260,249,1
2260,468,1
2260,133,0
2260,482,7
2260,84,2
2261,473,0
2261,442,8
2261,416,2
2261,315,8
2261,163,7
2262,345,5
2262,470,5
2262,327,5
2262,257,2
2262,11,1
2263,49,0
2263,372,9
2263,465,8
2263,398,11
2263,452,2
2264,228,2
2264,440,11
2264,414,8
2264,205,1
2264,7,8
2265,57,8
2265,31,8
2265,72,8
2265,9,8
2265,418,8
2266,208,1
2266,6,3
2266,254,1
2266,391,11
2266,166,1
2267,177,3
2267,258,0
2267,78,1
2267,460,8
2267,50,10
2268,135,3
2268,319,0
2268,219,1
2268,469,0
2268,247,7
2269,364,5
2269,431,5
2269,259,5
2269,116,4
2269,351,5
2270,434,8
2270,117,8
2270,40,1
2270,287,8
2270,111,8
2271,245,4
2271,157,11
2271,281,2
2271,290,10
2271,437,5
2272,138,11
2272,373,11
2272,242,11
2272,496,11
2272,350,9
2273,285,2
2273,464,4
2273,288,3
2273,149,2
2273,422,2
2274,106,5
2274,266,6
2274,376,0
2274,81,0
2274,110,5
2275,448,2
2275,303,2
2275,9,9
2275,479,9
2275,496,7
2276,204,10
2276,93,10
2276,380,2
2276,213,10
2276,121,10
2277,484,4
2277,300,3
2277,266,0
2277,332,10
2277,447,3
2278,316,6
2278,464,6
2278,156,0
2278,80,9
2278,253,2
2279,369,9
2279,18,9
2279,80,9
2279,94,10
2279,110,9
2280,257,6
2280,444,8
2280,371,10
2280,17,4
2280,205,1
2281,24,2
2281,414,10
2281,132,1
2281,447,1
2281,249,1
2282,376,7
2282,110,11
2282,5,11
2282,305,4
2282,460,0
2283,374,9
2283,216,6
2283,173,7
2283,249,6
2283,242,6
2284,171,11
2284,371,10
2284,95,11
2284,353,11
2284,170,4
2285,269,10
2285,81,10
2285,404,10
2285,497,10
2285,35,4
2286,200,8
2286,143,8
2286,153,10
2286,474,9
2286,297,8
2287,469,4
2287,342,4
2287,226,2
2287,50,4
2287,407,4
2288,166,0
2288,114,4
2288,282,8
2288,199,3
2288,47,1
2289,455,6
2289,125,7
2289,181,7
2289,124,7
2289,3,7
2290,385,4
2290,422,1
2290,405,7
2290,172,7
2290,291,9
2291,359,1
2291,357,1
2291,272,1
2291,410,1
2291,23,8
2292,428,4
2292,233,3
2292,127,8
2292,403,0
2292,42,0
2293,432,9
2293,115,7
2293,125,0
2293,261,10
2293,452,10
2294,429,9
2294,289,10
2294,93,4
2294,285,10
2294,77,5
2295,444,10
2295,169,10
2295,483,10
2295,136,6
2295,11,8
2296,101,0
2296,284,10
2296,456,1
2296,358,9
2296,66,0
2297,222,7
2297,385,5
2297,253,7
2297,491,1
2297,314,5
2298,232,4
2298,368,4
2298,261,4
2298,379,10
2298,300,4
2299,406,10
2299,264,0
2299,242,8
2299,400,0
2299,123,8
2300,18,9
2300,404,0
2300,218,8
2300,164,7
2300,243,4
2301,472,8
2301,64,2
2301,353,4
2301,50,1
2301,110,2
2302,138,7
2302,387,7
2302,181,6
2302,30,7
2302,374,7
2303,137,7
2303,22,7
2303,263,8
2303,188,7
2304,97,10
2304,341,4
2304,84,6
2304,216,10
2304,127,4
2305,432,11
2305,399,11
2305,370,7
2305,496,11
2305,305,9
2306,377,5
2306,236,6
2306,398,1
2306,448,11
2306,283,3
2307,297,2
2307,370,11
2307,241,2
2307,416,2
2307,0,2
2308,370,10
2308,27,0
2308,319,5
2308,174,7
2308,437,2
2309,83,4
2309,79,9
2309,479,2
2309,342,1
2309,244,0
2310,72,5
2310,288,5
2310,207,5
2310,38,0
2310,408,2
2311,498,4
2311,475,8
2311,62,5
2311,85,1
2311,249,1
2312,353,6
2312,252,6
2312,340,6
2312,475,6
2312,297,11
2313,151,4
2313,304,11
2313,242,8
2313,446,0
2313,240,8
2314,338,6
2314,325,6
2314,381,0
2314,29,6
2314,131,1
2315,315,0
2315,24,6
2315,339,0
2315,273,5
2315,331,1
2316,470,3
2316,173,10
2316,41,10
2316,72,11
2316,226,5
2317,443,7
2317,187,3
2317,71,7
2317,241,7
2317,285,0
2318,219,1
2318,70,1
2318,343,7
2318,123,7
2318,435,5
2319,271,9
2319,262,9
2319,412,8
2319,420,9
2319,33,9
2320,307,0
2320,419,0
2320,55,0
2320,413,0
2320,97,0
2321,107,2
2321,487,3
2321,34,10
2321,200,0
2321,413,10
2322,465,0
2322,120,10
2322,79,11
2322,266,8
2322,472,4
2323,483,8
2323,88,8
2323,5,8
2323,342,8
2323,16,11
2324,486,11
2324,180,0
2324,234,9
2324,432,3
2324,484,11
2325,169,11
2325,180,3
2325,421,2
2325,435,10
2325,257,2
2326,377,10
2326,77,10
2326,167,10
2326,80,7
2326,192,1
2327,84,11
2327,85,8
2327,83,8
2327,116,0
2327,189,9
2328,253,0
2328,341,9
2328,463,0
2328,93,0
2328,416,0
2329,137,1
2329,141,7
2329,161,7
2329,418,5
2329,402,10
2330,69,6
2330,200,6
2330,314,6
2330,186,6
2330,358,2
2331,286,6
2331,113,8
2331,19,6
2331,252,6
2331,140,8
2332,217,6
2332,271,6
2332,418,6
2332,350,3
2332,16,4
2333,405,7
2333,259,7
2333,181,8
2333,230,5
2333,150,2
2334,108,4
2334,421,10
2334,290,10
2334,474,10
2334,153,10
2335,201,3
2335,146,11
2335,325,9
2335,200,0
2335,21,6
2336,408,6
2336,147,5
2336,403,7
2336,440,5
2336,393,4
2337,73,2
2337,195,7
2337,292,4
2337,64,8
2337,251,10
2338,161,2
2338,71,2
2338,460,7
2338,107,2
2338,139,4
2339,393,7
2339,272,10
2339,225,10
2339,457,10
2339,267,6
2340,449,8
2340,474,6
2340,274,1
2340,289,1
2340,185,1
2341,40,2
2341,147,9
2341,140,10
2341,451,0
2341,217,10
2342,136,2
2342,134,2
2342,163,8
2342,470,2
2342,377,2
2343,18,6
2343,336,6
2343,12,10
2343,345,5
2344,297,5
2344,302,8
2344,62,6
2344,361,6
2344,181,0
2345,449,10
2345,351,2
2345,474,9
2345,75,4
2345,0,10
2346,260,8
2346,373,8
2346,14,2
2346,119,8
2346,380,8
2347,155,1
2347,253,7
2347,179,10
2347,43,10
2347,341,11
2348,22,10
2348,439,8
2348,36,5
2348,70,3
2348,54,10
2349,437,5
2349,352,1
2349,60,9
2349,280,5
2350,378,10
2350,481,10
2350,79,10
2350,159,6
2350,54,10
2351,17,9
2351,269,9
2351,109,4
2351,3,9
2351,238,0
2352,142,2
2352,114,1
2352,178,6
2352,489,6
2352,409,6
2353,134,7
2353,200,6
2353,381,6
2353,303,0
2353,394,8
2354,41,2
2354,27,11
2354,136,2
2354,216,2
2354,239,2
2355,416,8
2355,371,8
2355,138,8
2355,418,9
2355,374,1
2356,439,9
2356,395,5
2356,427,11
2356,44,4
2356,415,2
2357,347,2
2357,419,6
2357,81,6
2357,434,6
2357,433,11
2358,299,11
2358,389,11
2358,220,8
2358,227,1
2358,11,8
2359,273,2
2359,60,2
2359,211,10
2359,425,6
2359,98,10
2360,350,2
2360,243,2
2360,60,3
2360,273,7
2360,140,5
2361,373,8
2361,387,7
2361,318,7
2361,224,7
2361,11,7
2362,141,4
2362,417,1
2362,299,3
2362,438,4
2362,73,4
2363,197,11
2363,106,8
2363,75,8
2363,316,6
2363,42,8
2364,255,11
2364,467,11
2364,364,10
2364,391,7
2364,317,7
2365,408,2
2365,138,4
2365,423,11
2365,221,2
2365,36,8
2366,89,8
2366,363,4
2366,463,9
2366,298,8
2366,434,8
2367,488,1
2367,234,9
2367,180,1
2367,463,5
2367,387,1
2368,418,1
2368,116,5
2368,225,1
2368,473,11
2368,307,1
2369,268,8
2369,156,10
2369,381,10
2369,187,1
2369,376,10
2370,93,8
2370,475,4
2370,201,4
2370,404,4
2370,357,4
2371,6,5
2371,367,3
2371,1,5
2371,448,5
2371,115,8
2372,45,2
2372,469,10
2372,98,3
2372,109,7
2372,299,0
2373,92,6
2373,364,7
2373,167,7
2373,400,6
2373,9,4
2374,193,6
2374,135,5
2374,286,3
2374,100,3
2374,231,5
2375,196,11
2375,268,11
2375,209,7
2375,205,1
2375,150,1
2376,347,7
2376,338,7
2376,241,7
2376,41,7
2376,57,7
2377,43,0
2377,236,0
2377,25,4
2377,80,4
2377,443,4
2378,346,7
2378,20,2
2378,117,3
2378,336,5
2378,59,5
2379,235,9
2379,393,7
2379,257,1
2379,110,0
2379,21,9
2380,424,11
2380,303,7
2380,70,0
2380,476,8
2380,264,7
2381,342,3
2381,258,1
2381,389,6
2381,156,6
2381,419,6
2382,465,4
2382,25,3
2382,15,5
2382,432,4
2382,162,9
2383,235,0
2383,73,4
2383,476,6
2383,273,6
2383,44,6
2384,112,4
2384,466,7
2384,184,7
2384,72,7
2384,272,0
2385,340,4
2385,16,10
2385,365,10
2385,324,5
2385,23,10
2386,24,2
2386,132,0
2386,173,10
2386,5,0
2386,404,7
2387,129,1
2387,203,1
2387,8,3
2387,36,3
2387,480,3
2388,349,7
2388,334,7
2388,392,2
2388,466,6
2388,132,1
2389,114,1
2389,410,1
2389,24,0
2389,311,4
2389,353,1
2390,471,8
2390,254,6
2390,349,8
2390,15,5
2390,89,0
2391,188,0
2391,439,0
2391,292,0
2391,184,3
2391,457,0
2392,115,3
2392,384,2
2392,193,3
2392,199,3
2392,228,3
2393,311,10
2393,303,8
2393,43,1
2393,392,7
2393,195,11
2394,264,2
2394,484,7
2394,454,2
2394,330,2
2394,98,4
2395,320,7
2395,56,1
2395,121,0
2395,372,8
2395,381,1
2396,199,6
2396,414,9
2396,372,10
2396,403,9
2396,437,9
2397,184,3
2397,61,2
2397,113,0
2397,91,3
2397,190,3
2398,35,11
2398,192,11
2398,484,3
2398,191,3
2398,230,3
2399,340,8
2399,336,9
2399,64,5
2399,88,8
2399,239,4
2400,74,1
2400,366,8
2400,399,10
2400,123,2
2400,163,3
2401,192,10
2401,274,5
2401,286,0
2401,430,10
2401,298,10
2402,216,0
2402,318,3
2402,399,0
2402,159,11
2402,70,6
2403,37,3
2403,443,4
2403,142,0
2403,182,7
2403,412,4
2404,73,2
2404,382,1
2404,9,1
2404,263,6
2404,488,1
2405,388,6
2405,161,4
2405,472,3
2405,408,4
2405,151,7
2406,0,11
2406,250,0
2406,57,3
2406,249,3
2406,436,3
2407,335,8
2407,351,8
2407,480,9
2407,324,10
2407,203,4
2408,155,11
2408,90,8
2408,8,10
2408,427,7
2408,186,3
2409,64,3
2409,141,9
2409,488,3
2409,162,5
2409,183,4
2410,359,1
2410,337,1
2410,253,4
2410,106,6
2410,231,7
2411,215,5
2411,109,7
2411,160,2
2411,399,3
2411,8,11
2412,363,2
2412,206,5
2412,406,1
2412,493,10
2412,2,7
2413,321,11
2413,97,8
2413,67,7
2413,372,5
2413,478,7
2414,400,2
2414,24,9
2414,20,7
2414,46,7
2414,244,7
2415,94,3
2415,91,1
2415,153,10
2415,101,10
2415,498,10
2416,279,2
2416,485,11
2416,397,11
2416,248,8
2416,412,11
2417,279,2
2417,369,2
2417,131,2
2417,60,0
2417,181,4
2418,195,5
2418,191,2
2418,108,0
2418,253,7
2418,24,1
2419,63,8
2419,416,3
2419,68,3
2419,100,9
2419,126,3
2420,118,4
2420,384,10
2420,296,10
2420,193,10
2420,196,9
2421,137,8
2421,315,5
2421,307,2
2421,491,5
2421,446,2
2422,357,4
2422,326,3
2422,68,11
2422,483,11
2422,53,8
2423,496,2
2423,244,0
2423,157,0
2423,145,0
2423,455,0
2424,139,0
2424,2,4
2424,24,4
2424,267,8
2424,493,0
2425,208,4
2425,432,6
2425,398,4
2425,332,10
2425,20,4
2426,357,4
2426,485,4
2426,162,11
2426,242,7
2426,358,10
2427,27,1
2427,372,8
2427,406,8
2427,148,8
2427,238,10
2428,176,0
2428,226,0
2428,18,9
2428,431,6
2428,344,8
2429,291,2
2429,244,2
2429,376,0
2429,167,2
2429,235,2
2430,79,11
2430,335,11
2430,375,2
2430,305,10
2430,74,10
2431,210,7
2431,16,7
2431,477,7
2431,334,7
2431,478,7
2432,280,3
2432,265,3
2432,76,1
2432,173,3
2432,167,6
2433,186,7
2433,99,4
2433,347,4
2433,149,4
2433,18,9
2434,180,3
2434,277,3
2434,460,3
2434,35,7
2434,484,5
2435,173,2
2435,33,2
2435,8,2
2435,163,6
2435,408,10
2436,174,4
2436,399,4
2436,298,8
2436,336,6
2436,220,0
2437,229,1
2437,85,0
2437,140,1
2437,386,8
2437,352,4
2438,484,7
2438,104,11
2438,474,5
2438,499,1
2438,311,9
2439,343,3
2439,359,2
2439,138,8
2439,180,2
2439,222,1
2440,355,0
2440,92,5
2440,97,5
2440,429,10
2440,11,5
2441,363,1
2441,190,7
2441,136,7
2441,288,4
2441,379,7
2442,156,3
2442,212,3
2442,361,3
2442,55,3
2442,138,3
2443,334,11
2443,273,10
2443,439,8
2443,379,6
2443,451,8
2444,387,2
2444,176,0
2444,185,5
2444,35,2
2444,144,1
2445,458,10
2445,474,4
2445,329,6
2445,324,4
2445,430,8
2446,199,2
2446,77,2
2446,304,11
2446,182,2
2446,343,10
2447,366,6
2447,416,7
2447,210,6
2447,116,6
2447,375,4
2448,74,6
2448,241,5
2448,427,6
2448,212,10
2448,297,0
2449,478,2
2449,291,2
2449,115,2
2449,451,2
2449,410,2
2450,116,9
2450,111,6
2450,114,11
2450,158,9
2450,322,9
2451,236,6
2451,20,11
2451,34,9
2451,199,6
2451,162,6
2452,248,11
2452,479,8
2452,438,6
2452,476,5
2452,138,8
2453,461,2
2453,156,4
2453,52,8
2453,38,3
2453,279,3
2454,364,2
2454,481,10
2454,77,6
2454,333,2
2454,337,9
2455,391,11
2455,22,1
2455,430,6
2455,217,9
2455,338,11
2456,213,3
2456,394,5
2456,66,0
2456,185,2
2456,307,11
2457,296,4
2457,448,5
2457,23,5
2457,439,5
2457,139,11
2458,463,0
2458,299,0
2458,235,8
2458,232,10
2458,254,8
2459,322,7
2459,251,1
2459,389,7
2459,371,5
2459,57,7
2460,235,6
2460,480,4
2460,282,1
2460,296,3
2460,22,5
2461,394,8
2461,0,6
2461,92,1
2461,221,3
2461,36,1
2462,398,7
2462,403,7
2462,64,7
2462,133,7
2462,379,11
2463,354,5
2463,225,5
2463,255,5
2463,202,5
2463,472,5
2464,309,3
2464,238,8
2464,30,0
2464,107,9
2464,254,0
2465,366,7
2465,92,2
2465,408,2
2465,214,2
2465,288,2
2466,471,5
2466,298,11
2466,373,10
2466,482,8
2466,190,1
2467,170,6
2467,188,6
2467,111,6
2467,273,6
2467,301,6
2468,312,3
2468,341,3
2468,24,4
2468,494,7
2468,337,3
2469,281,3
2469,452,2
2469,324,3
2469,328,3
2469,137,6
2470,489,4
2470,10,0
2470,2,11
2470,271,8
2470,427,8
2471,374,9
2471,221,9
2471,215,0
2471,179,9
2471,107,1
2472,185,5
2472,337,8
2472,145,0
2472,226,8
2472,440,4
2473,13,10
2473,416,2
2473,90,3
2473,0,10
2473,188,10
2474,280,5
2474,229,5
2474,262,5
2474,387,1
2474,321,5
2475,433,9
2475,388,6
2475,336,0
2475,151,7
2475,29,0
2476,5,11
2476,350,11
2476,37,2
2476,333,11
2476,407,11
2477,375,4
2477,300,5
2477,2,2
2477,342,11
2477,72,5
2478,168,4
2478,273,3
2478,389,2
2478,281,4
2478,471,4
2479,190,11
2479,345,8
2479,479,4
2479,490,4
2479,437,2
2480,427,1
2480,354,8
2480,333,4
2480,377,11
2480,38,9
2481,65,10
2481,137,6
2481,191,9
2481,495,10
2481,91,10
2482,161,2
2482,294,0
2482,183,9
2482,492,1
2482,221,3
2483,306,5
2483,231,5
2483,253,3
2483,483,8
2483,194,9
2484,491,3
2484,125,11
2484,249,3
2484,478,7
2484,440,6
2485,77,5
2485,64,6
2485,377,2
2485,114,2
2485,218,9
2486,166,4
2486,139,6
2486,154,6
2486,205,3
2486,163,11
2487,123,6
2487,451,6
2487,22,0
2487,184,1
2487,295,2
2488,200,8
2488,352,1
2488,445,1
2488,400,10
2488,220,8
2489,407,9
2489,70,7
2489,382,6
2489,499,6
2489,252,5
2490,451,0
2490,50,0
2490,179,0
2490,412,7
2490,332,8
2491,485,9
2491,237,11
2491,197,11
2491,72,11
2491,291,2
2492,288,6
2492,97,0
2492,11,3
2492,118,0
2492,135,10
2493,16,3
2493,236,5
2493,462,6
2493,96,10
2493,133,5
2494,430,0
2494,12,4
2494,58,3
2494,3,5
2494,424,8
2495,32,0
2495,485,0
2495,285,11
2495,321,0
2495,416,4
2496,49,1
2496,10,1
2496,279,8
2496,127,9
2496,260,3
2497,203,1
2497,243,2
2497,25,4
2497,337,10
2497,116,10
2498,218,3
2498,300,11
2498,355,3
2498,107,3
2498,230,3
2499,341,7
2499,372,7
2499,37,1
2499,157,3
2499,129,7
2500,115,3
2500,418,2
2500,427,11
2500,46,1
2500,370,9
2501,144,10
2501,347,11
2501,157,1
2501,88,0
2501,468,8
2502,395,0
2502,267,4
2502,499,4
2502,74,1
2502,402,9
2503,19,10
2503,13,7
2503,87,11
2503,245,9
2503,279,6
2504,383,8
2504,493,11
2504,365,5
2504,0,8
2504,381,8
2505,449,11
2505,301,10
2505,323,11
2505,298,10
2506,448,9
2506,270,6
2506,155,6
2506,192,6
2506,96,7
2507,184,1
2507,454,0
2507,34,4
2507,464,7
2507,89,1
2508,120,11
2508,61,2
2508,179,5
2508,315,7
2508,58,11
2509,70,1
2509,404,6
2509,225,4
2509,351,5
2509,94,1
2510,129,8
2510,259,3
2510,366,3
2510,292,9
2510,40,9
2511,0,6
2511,130,8
2511,258,6
2511,293,1
2511,142,4
2512,149,4
2512,247,8
2512,55,6
2512,362,7
2512,483,6
2513,411,5
2513,103,1
2513,449,8
2513,211,5
2513,190,5
2514,94,11
2514,79,11
2514,63,11
2514,167,11
2514,405,11
2515,306,2
2515,406,11
2515,244,11
2515,99,9
2515,298,4
2516,289,10
2516,305,10
2516,411,10
2516,27,10
2516,449,10
2517,329,3
2517,221,11
2517,117,9
2517,93,10
2517,417,3
2518,39,7
2518,373,7
2518,428,0
2518,331,10
2518,336,7
2519,377,11
2519,405,11
2519,60,10
2519,270,11
2519,62,8
2520,106,1
2520,39,10
2520,166,11
2520,421,2
2520,82,4
2521,132,5
2521,413,0
2521,348,5
2521,142,4
2522,199,3
2522,158,10
2522,164,3
2522,102,10
2522,427,10
2523,276,4
2523,26,2
2523,141,2
2523,45,1
2523,468,2
2524,298,0
2524,188,9
2524,209,9
2524,258,0
2524,225,10
2525,79,10
2525,287,11
2525,405,11
2525,269,11
2525,81,11
2526,23,10
2526,406,6
2526,94,11
2526,16,4
2526,361,6
2527,359,9
2527,120,9
2527,338,9
2527,273,7
2528,437,4
2528,144,4
2528,146,1
2528,137,10
2528,339,4
2529,5,4
2529,154,1
2529,375,4
2529,178,4
2529,482,2
2530,485,9
2530,454,1
2530,71,6
2530,255,0
2530,180,3
2531,118,1
2531,332,7
2531,494,1
2531,37,3
2531,222,1
2532,77,3
2532,389,4
2532,461,3
2532,21,1
2532,382,8
2533,87,2
2533,198,2
2533,343,2
2533,176,2
2533,3,2
2534,485,2
2534,204,7
2534,87,0
2534,121,2
2534,387,0
2535,65,6
2535,77,1
2535,143,1
2535,35,1
2535,147,2
2536,495,4
2536,215,11
2536,384,11
2536,342,11
2536,292,11
2537,190,5
2537,212,10
2537,28,10
2537,275,8
2537,133,10
2538,36,2
2538,375,4
2538,480,2
2538,143,3
2538,256,10
2539,236,9
2539,336,9
2539,110,9
2539,51,9
2539,424,9
2540,6,11
2540,484,3
2540,186,6
2540,296,3
2540,269,2
2541,475,9
2541,174,9
2541,231,3
2541,170,8
2541,169,9
2542,35,1
2542,129,8
2542,127,1
2542,50,1
2542,168,11
2543,243,7
2543,272,2
2543,368,10
2543,468,7
2543,232,7
2544,109,4
2544,260,9
2544,265,8
2544,237,8
2544,251,10
2545,427,10
2545,224,10
2545,168,10
2545,226,11
2545,92,10
2546,369,9
2546,31,9
2546,290,1
2546,55,0
2546,59,5
2547,457,5
2547,31,5
2547,303,5
2547,44,5
2547,46,5
2548,196,1
2548,409,2
2548,387,1
2548,244,1
2548,268,1
2549,412,2
2549,310,5
2549,241,2
2549,148,2
2549,180,11
2550,362,5
2550,114,7
2550,265,9
2550,405,10
2550,36,3
2551,402,4
2551,175,9
2551,80,4
2551,313,8
2551,252,4
2552,209,7
2552,0,5
2552,390,7
2552,327,7
2552,29,7
2553,220,2
2553,481,4
2553,487,7
2553,448,4
2553,57,11
2554,342,8
2554,4,2
2554,152,8
2554,64,8
2554,82,8
2555,463,5
2555,455,1
2555,69,4
2555,402,4
2555,381,8
2556,124,4
2556,351,5
2556,425,2
2556,220,7
2556,384,7
2557,259,6
2557,88,7
2557,285,7
2557,357,10
2557,212,7
2558,181,8
2558,458,8
2558,456,8
2558,454,1
2558,147,8
2559,399,5
2559,28,0
2559,228,5
2559,335,11
2559,10,10
2560,34,8
2560,441,4
2560,140,4
2560,397,4
2560,152,4
2561,130,6
2561,469,6
2561,449,6
2561,247,10
2561,181,3
2562,101,6
2562,318,6
2562,444,4
2562,342,6
2562,326,6
2563,392,7
2563,100,8
2563,155,7
2563,425,8
2563,125,8
2564,467,9
2564,428,9
2564,127,9
2564,292,9
2564,164,9
2565,115,9
2565,151,11
2565,64,9
2565,234,9
2565,143,4
2566,17,1
2566,48,2
2566,459,2
2566,94,2
2566,265,8
2567,71,4
2567,131,4
2567,106,1
2567,208,4
2567,148,4
2568,103,9
2568,12,6
2568,1,2
2568,130,9
2568,487,4
2569,306,7
2569,56,0
2569,427,7
2569,294,3
2569,217,2
2570,346,4
2570,282,0
2570,92,4
2570,284,10
2570,263,0
2571,70,11
2571,102,6
2571,402,9
2571,283,9
2571,410,2
2572,120,8
2572,338,9
2572,154,1
2572,310,0
2572,443,11
2573,379,6
2573,11,9
2573,7,6
2573,323,4
2573,97,9
2574,71,9
2574,447,9
2574,362,7
2574,225,9
2574,79,9
2575,417,11
2575,162,6
2575,251,6
2575,249,4
2575,460,9
2576,120,1
2576,39,1
2576,403,2
2576,400,1
2576,479,1
2577,114,8
2577,38,8
2577,465,8
2577,151,8
2577,391,8
2578,234,8
2578,132,2
2578,129,2
2578,444,0
2578,474,2
2579,160,6
2579,208,7
2579,34,6
2579,3,5
2579,255,6
2580,149,7
2580,133,6
2580,381,7
2580,327,10
2580,411,4
2581,161,8
2581,81,8
2581,3,6
2581,336,8
2581,209,9
2582,229,8
2582,309,11
2582,454,8
2582,234,8
2582,314,8
2583,151,11
2583,71,11
2583,363,11
2583,349,4
2583,228,11
2584,158,0
2584,248,6
2584,303,7
2584,404,0
2584,306,0
2585,299,2
2585,244,2
2585,298,11
2585,288,0
2585,129,5
2586,141,8
2586,273,5
2586,217,8
2586,486,8
2586,343,11
2587,73,0
2587,162,11
2587,219,0
2587,402,11
2587,491,11
2588,174,0
2588,410,1
2588,120,4
2588,400,1
2588,100,1
2589,99,4
2589,403,8
2589,332,4
2589,8,5
2589,58,5
2590,202,10
2590,135,9
2590,193,9
2590,420,0
2590,73,3
2591,441,9
2591,412,9
2591,67,7
2591,454,6
2591,115,6
2592,461,3
2592,239,8
2592,294,7
2592,124,3
2592,139,5
2593,464,11
2593,12,8
2593,491,7
2593,457,6
2593,302,11
2594,79,0
2594,465,1
2594,135,8
2594,325,0
2594,497,4
2595,175,2
2595,68,7
2595,182,7
2595,373,6
2595,276,11
2596,158,8
2596,431,11
2596,367,5
2596,388,9
2596,190,10
2597,435,10
2597,260,3
2597,142,0
2597,1,9
2597,399,6
2598,250,1
2598,201,10
2598,484,7
2598,62,1
2598,20,5
2599,460,3
2599,129,3
2599,308,3
2599,426,3
2599,317,6
2600,380,8
2600,473,4
2600,38,8
2600,286,8
2600,496,8
2601,96,2
2601,267,11
2601,392,3
2601,242,9
2601,354,3
2602,124,6
2602,302,6
2602,108,6
2602,57,4
2602,33,6
2603,81,8
2603,428,9
2603,211,9
2603,213,9
2603,226,4
2604,139,1
2604,36,1
2604,159,8
2604,428,5
2604,63,3
2605,268,3
2605,429,0
2605,191,4
2605,465,3
2605,31,4
2606,416,3
2606,218,0
2606,312,11
2606,29,11
2606,37,11
2607,307,1
2607,122,9
2607,417,4
2607,302,1
2607,194,1
2608,38,0
2608,293,3
2608,189,6
2608,139,3
2608,281,6
2609,118,2
2609,174,10
2609,270,11
2609,245,1
2609,55,2
2610,54,0
2610,317,9
2610,109,11
2610,308,0
2610,374,10
2611,166,5
2611,87,1
2611,374,11
2611,19,8
2611,158,1
2612,401,10
2612,86,2
2612,59,10
2612,224,4
2612,336,10
2613,335,9
2613,351,9
2613,270,5
2613,424,10
2613,60,9
2614,45,4
2614,113,6
2614,260,8
2614,246,8
2614,244,1
2615,449,9
2615,101,2
2615,323,1
2615,125,11
2615,478,1
2616,370,4
2616,165,11
2616,50,11
2616,213,11
2616,130,11
2617,265,1
2617,56,11
2617,72,6
2617,29,6
2617,421,8
2618,64,7
2618,395,11
2618,88,9
2618,146,9
2618,47,9
2619,282,7
2619,120,2
2619,421,2
2619,214,8
2619,41,6
2620,135,8
2620,108,11
2620,403,0
2620,464,11
2620,10,1
2621,387,2
2621,497,10
2621,416,11
2621,478,0
2621,163,3
2622,278,0
2622,21,6
2622,271,6
2622,110,6
2622,381,6
2623,384,4
2623,58,6
2623,125,8
2623,46,6
2623,493,4
2624,397,7
2624,22,8
2624,58,2
2624,172,6
2624,383,2
2625,293,8
2625,60,5
2625,149,8
2625,70,1
2625,234,8
2626,21,7
2626,149,0
2626,377,0
2626,382,4
2626,394,3
2627,169,11
2627,103,0
2627,381,9
2627,205,4
2627,232,0
2628,247,3
2628,342,5
2628,483,3
2628,354,7
2628,219,3
2629,226,4
2629,128,2
2629,12,7
2629,91,11
2629,148,4
2630,334,4
2630,321,4
2630,204,5
2630,5,4
2630,498,4
2631,231,9
2631,6,9
2631,317,9
2631,355,3
2631,100,9
2632,357,5
2632,88,5
2632,387,5
2632,98,5
2632,462,11
2633,251,5
2633,332,1
2633,288,11
2633,333,9
2634,315,2
2634,246,8
2634,39,0
2634,421,8
2634,151,8
2635,7,3
2635,319,9
2635,356,2
2635,47,7
2635,453,2
2636,194,6
2636,111,6
2636,191,6
2636,483,6
2636,498,6
2637,425,2
2637,350,9
2637,329,4
2637,480,2
2637,231,9
2638,147,5
2638,168,8
2638,244,2
2638,117,11
2638,125,11
2639,87,7
2639,314,1
2639,393,11
2639,21,8
2639,328,4
2640,227,2
2640,468,4
2640,80,2
2640,419,3
2640,292,3
2641,460,5
2641,415,5
2641,275,4
2641,491,9
2641,409,5
2642,357,9
2642,50,1
2642,399,9
2642,418,7
2642,336,7
2643,36,9
2643,137,10
2643,141,7
2643,230,9
2643,246,3
2644,370,10
2644,133,4
2644,5,0
2644,404,3
2644,311,2
2645,217,6
2645,69,4
2645,363,2
2645,344,2
2645,145,11
2646,441,0
2646,294,0
2646,119,0
2646,80,1
2646,33,0
2647,448,1
2647,397,5
2647,63,0
2647,46,7
2647,458,10
2648,141,4
2648,371,4
2648,120,4
2648,11,8
2648,409,6
2649,407,9
2649,307,7
2649,297,0
2649,482,9
2649,420,0
2650,412,5
2650,186,0
2650,132,0
2650,372,0
2650,74,0
2651,261,4
2651,338,10
2651,455,4
2651,477,9
2651,369,4
2652,110,8
2652,414,9
2652,194,1
2652,237,5
2652,118,10
2653,117,4
2653,251,1
2653,338,5
2653,127,1
2653,131,11
2654,105,6
2654,364,1
2654,475,4
2654,471,11
2654,279,1
2655,264,5
2655,230,1
2655,414,7
2655,289,7
2655,152,7
2656,243,8
2656,169,2
2656,16,0
2656,493,5
2656,35,2
2657,351,10
2657,194,10
2657,330,10
2657,92,6
2657,208,10
2658,360,5
2658,454,0
2658,385,8
2658,204,7
2658,162,0
2659,392,10
2659,296,4
2659,399,9
2659,447,9
2659,471,4
2660,459,2
2660,342,2
2660,123,2
2660,341,10
2660,147,0
2661,475,0
2661,402,0
2661,278,1
2661,336,10
2661,116,0
2662,7,1
2662,59,0
2662,229,4
2662,134,4
2662,451,0
2663,147,6
2663,241,6
2663,186,5
2663,477,9
2663,438,6
2664,204,10
2664,282,0
2664,129,0
2664,465,0
2664,181,0
2665,165,6
2665,365,11
2665,86,11
2665,286,8
2665,349,8
2666,245,4
2666,416,9
2666,119,11
2666,468,9
2666,159,7
2667,66,6
2667,219,5
2667,447,6
2667,309,6
2667,16,6
2668,84,11
2668,293,1
2668,86,0
2668,284,1
2668,60,10
2669,211,7
2669,62,7
2669,379,4
2669,401,6
2669,428,7
2670,26,3
2670,423,3
2670,108,7
2670,132,3
2670,201,11
2671,483,2
2671,223,2
2671,328,1
2671,93,6
2671,111,2
2672,363,0
2672,145,2
2672,18,0
2672,266,11
2672,428,4
2673,362,7
2673,407,2
2673,258,2
2673,269,4
2673,150,4
2674,139,3
2674,0,6
2674,142,9
2674,158,5
2674,252,2
2675,386,6
2675,74,0
2675,71,6
2675,299,8
2675,199,6
2676,290,10
2676,277,8
2676,112,8
2676,342,8
2676,223,8
2677,274,6
2677,142,11
2677,149,6
2677,148,8
2677,1,6
2678,476,8
2678,161,1
2678,480,1
2678,346,1
2678,206,2
2679,479,2
2679,363,8
2679,140,0
2679,52,6
2679,169,4
2680,54,8
2680,413,8
2680,495,8
2680,164,3
2680,290,8
2681,119,11
2681,178,11
2681,456,11
2681,161,11
2681,240,2
2682,442,11
2682,131,6
2682,398,1
2682,347,4
2682,391,3
2683,328,7
2683,185,11
2683,325,4
2683,444,3
2683,228,5
2684,351,1
2684,177,4
2684,407,7
2684,181,4
2684,286,2
2685,426,6
2685,85,10
2685,367,9
2685,296,0
2685,460,11
2686,464,0
2686,491,8
2686,175,10
2686,326,0
2686,219,9
2687,452,11
2687,233,7
2687,450,11
2687,195,5
2687,21,11
2688,51,10
2688,288,10
2688,486,10
2688,14,6
2688,299,11
2689,144,10
2689,350,0
2689,184,1
2689,278,0
2689,150,0
2690,254,5
2690,391,8
2690,438,5
2690,335,0
2690,121,0
2691,440,9
2691,266,5
2691,488,8
2691,298,9
2691,101,1
2692,431,8
2692,95,7
2692,168,8
2692,484,8
2692,415,3
2693,128,4
2693,348,4
2693,254,0
2693,428,4
2693,57,4
2694,325,5
2694,285,5
2694,54,5
2694,40,5
2694,36,5
2695,85,7
2695,12,7
2695,60,8
2695,181,3
2695,170,7
2696,213,7
2696,430,8
2696,383,7
2696,4,7
2696,274,7
2697,210,4
2697,40,1
2697,97,4
2697,249,3
2697,411,4
2698,7,1
2698,48,0
2698,437,1
2698,9,9
2698,349,9
2699,465,2
2699,223,7
2699,386,2
2699,313,9
2699,461,2
2700,163,7
2700,254,5
2700,238,9
2700,481,5
2700,167,5
2701,62,1
2701,265,4
2701,85,3
2701,31,3
2701,478,3
2702,216,1
2702,218,1
2702,42,1
2702,244,1
2702,338,2
2703,274,10
2703,269,3
2703,237,0
2703,145,10
2703,381,10
2704,438,1
2704,114,1
2704,410,1
2704,103,1
2704,481,1
2705,315,1
2705,314,1
2705,324,2
2705,138,1
2705,202,1
2706,445,5
2706,459,5
2706,434,8
2706,340,2
2706,483,5
2707,230,2
2707,252,4
2707,116,11
2707,452,6
2707,374,2
2708,455,5
2708,217,1
2708,492,5
2708,300,5
2708,14,6
2709,115,3
2709,179,1
2709,396,3
2709,192,7
2709,220,3
2710,243,8
2710,196,6
2710,124,6
2710,303,8
2710,385,8
2711,222,6
2711,162,2
2711,290,2
2711,109,2
2711,218,2
2712,377,8
2712,333,8
2712,443,8
2712,77,7
2712,165,7
2713,395,8
2713,297,2
2713,210,11
2713,196,11
2713,62,11
2714,178,2
2714,261,2
2714,442,2
2714,128,2
2714,225,0
2715,66,11
2715,56,2
2715,106,3
2715,319,2
2715,390,7
2716,200,6
2716,222,4
2716,209,5
2716,282,7
2716,176,4
2717,29,5
2717,225,7
2717,208,0
2717,24,8
2717,248,8
2718,148,8
2718,370,0
2718,75,5
2718,286,3
2718,284,0
2719,325,6
2719,255,8
2719,116,9
2719,248,9
2719,437,9
2720,401,11
2720,425,11
2720,23,8
2720,411,5
2720,24,3
2721,222,4
2721,149,2
2721,224,5
2721,188,4
2721,146,2
2722,446,5
2722,9,5
2722,327,5
2722,391,8
2722,474,10
2723,182,3
2723,259,6
2723,391,9
2723,69,10
2723,194,6
2724,458,8
2724,98,3
2724,485,8
2724,173,9
2724,365,0
2725,489,5
2725,293,1
2725,333,0
2725,69,5
2725,88,5
2726,357,4
2726,392,4
2726,209,4
2726,82,4
2726,194,4
2727,433,9
2727,116,9
2727,37,2
2727,222,7
2727,20,10
2728,410,11
2728,30,11
2728,54,5
2728,123,4
2728,229,6
2729,343,2
2729,429,2
2729,401,3
2729,480,2
2729,207,2
2730,124,9
2730,221,0
2730,236,1
2730,356,1
2730,281,9
2731,263,6
2731,245,2
2731,357,2
2731,341,2
2731,138,9
2732,489,3
2732,364,6
2732,256,4
2732,432,6
2732,262,7
2733,469,9
2733,49,5
2733,48,9
2733,132,2
2733,66,9
2734,233,11
2734,237,6
2734,430,11
2734,227,11
2734,99,8
2735,336,3
2735,148,3
2735,323,3
2735,49,3
2735,286,3
2736,164,1
2736,304,6
2736,274,6
2736,171,10
2736,15,6
2737,469,11
2737,206,1
2737,353,8
2737,326,8
2737,106,7
2738,218,2
2738,210,1
2738,44,7
2738,4,6
2739,321,8
2739,431,6
2739,335,10
2739,1,2
2739,176,8
2740,397,6
2740,273,2
2740,61,11
2740,4,11
2740,268,6
2741,462,8
2741,362,8
2741,416,10
2741,391,10
2741,73,2
2742,59,1
2742,276,11
2742,389,8
2742,334,7
2742,381,0
2743,338,3
2743,127,0
2743,164,1
2743,307,7
2743,19,3
2744,77,9
2744,339,9
2744,154,9
2744,213,9
2744,72,9
2745,164,10
2745,429,5
2745,155,10
2745,412,5
2745,106,4
2746,485,4
2746,170,5
2746,167,9
2746,296,11
2746,45,2
2747,289,10
2747,166,8
2747,43,10
2747,106,3
2747,324,10
2748,407,8
2748,439,10
2748,142,4
2748,221,1
2748,152,4
2749,67,1
2749,133,2
2749,44,4
2749,188,1
2749,324,1
2750,43,5
2750,355,6
2750,280,6
2750,165,6
2750,423,6
2751,327,10
2751,7,10
2751,77,9
2751,382,9
2751,126,6
2752,7,8
2752,382,9
2752,418,2
2752,177,8
2752,332,8
2753,90,11
2753,0,11
2753,39,1
2753,119,11
2753,207,11
2754,479,4
2754,496,11
2754,482,11
2754,353,7
2754,378,4
2755,180,0
2755,466,11
2755,434,8
2755,152,11
2755,83,1
2756,208,1
2756,80,3
2756,211,1
2756,318,5
2757,265,5
2757,27,6
2757,416,2
2757,47,4
2757,282,8
2758,345,11
2758,152,5
2758,336,5
2758,315,5
2758,153,5
2759,55,11
2759,358,8
2759,344,9
2759,2,11
2759,261,11
2760,195,6
2760,395,2
2760,107,3
2760,81,10
2760,337,10
2761,358,5
2761,194,3
2761,274,10
2761,36,3
2761,434,3
2762,128,10
2762,256,10
2762,414,2
2762,33,1
2762,34,3
2763,35,6
2763,468,8
2763,360,9
2763,165,2
2763,147,4
2764,272,2
2764,106,8
2764,172,2
2764,4,9
2764,174,2
2765,240,1
2765,163,5
2765,218,5
2765,394,5
2765,450,4
2766,28,2
2766,457,10
2766,13,0
2766,285,6
2766,121,10
2767,110,11
2767,403,2
2767,345,4
2767,284,1
2767,18,3
2768,251,11
2768,104,1
2768,73,10
2768,397,1
2768,398,1
2769,152,3
2769,246,3
2769,288,4
2769,314,3
2769,267,9
2770,384,10
2770,340,10
2770,110,9
2770,479,3
2770,2,9
2771,118,11
2771,253,11
2771,91,11
2771,196,11
2771,450,11
2772,216,9
2772,171,9
2772,446,9
2772,476,9
2772,288,9
2773,433,7
2773,104,1
2773,126,0
2773,229,8
2773,109,7
2774,11,2
2774,302,6
2774,433,11
2774,307,2
2774,371,6
2775,220,5
2775,214,1
2775,492,5
2775,332,1
2775,351,5
2776,369,6
2776,304,10
2776,494,10
2776,298,6
2776,115,0
2777,405,9
2777,318,6
2777,478,2
2777,435,1
2777,340,5
2778,367,1
2778,266,7
2778,79,11
2778,459,11
2778,92,2
2779,386,5
2779,270,11
2779,482,5
2779,452,7
2779,119,1
2780,95,5
2780,325,3
2780,80,5
2780,494,6
2780,294,5
2781,379,2
2781,248,5
2781,454,2
2781,103,7
2781,30,5
2782,309,11
2782,499,8
2782,34,1
2782,354,8
2782,200,6
2783,348,4
2783,274,10
2783,13,7
2783,68,6
2783,346,7
2784,272,10
2784,3,10
2784,453,11
2784,387,10
2784,327,10
2785,58,11
2785,311,10
2785,59,4
2785,279,11
2785,278,8
2786,165,6
2786,263,8
2786,59,6
2786,63,6
2786,144,1
2787,407,3
2787,203,3
2787,289,2
2787,391,1
2787,280,2
2788,420,4
2788,182,4
2788,142,0
2788,118,4
2788,395,4
2789,467,8
2789,316,8
2789,183,2
2789,52,4
2789,97,7
2790,57,8
2790,184,1
2790,387,11
2790,89,7
2790,137,9
2791,57,10
2791,4,1
2791,488,6
2791,150,7
2791,455,6
2792,200,7
2792,133,7
2792,79,6
2792,416,7
2792,74,11
2793,68,9
2793,436,6
2793,345,4
2793,402,9
2793,12,5
2794,60,8
2794,398,1
2794,154,1
2794,101,1
2794,161,8
2795,24,10
2795,298,7
2795,470,10
2795,377,10
2795,312,3
2796,428,8
2796,400,5
2796,339,8
2796,89,8
2796,205,1
2797,115,7
2797,176,8
2797,313,7
2797,281,7
2797,429,11
2798,455,2
2798,353,6
2798,481,9
2798,13,9
2798,86,9
2799,27,6
2799,418,9
2799,115,9
2799,270,8
2799,216,8
2800,161,3
2800,125,7
2800,225,7
2800,211,8
2801,119,4
2801,54,11
2801,113,10
2801,465,2
2802,345,3
2802,123,3
2802,18,0
2802,31,3
2802,149,11
2803,409,6
2803,448,4
2803,122,4
2803,228,8
2803,421,3
2804,414,6
2804,294,1
2804,170,11
2804,283,6
2804,271,11
2805,67,4
2805,466,8
2805,342,4
2805,18,4
2805,23,9
2806,474,4
2806,33,10
2806,140,7
2806,297,8
2806,336,10
2807,63,10
2807,361,7
2807,320,9
2807,431,5
2807,170,2
2808,95,10
2808,161,10
2808,339,10
2808,247,10
2808,3,10
2809,76,7
2809,51,11
2809,308,11
2809,204,11
2809,441,11
2810,310,5
2810,63,5
2810,443,4
2810,52,8
2810,395,1
2811,239,8
2811,39,10
2811,167,5
2811,330,2
2811,38,10
2812,62,5
2812,5,5
2812,482,5
2812,39,5
2812,437,5
2813,351,2
2813,235,8
2813,465,3
2813,347,3
2813,325,3
2814,229,0
2814,155,2
2814,430,7
2814,301,7
2814,211,11
2815,285,11
2815,434,4
2815,125,0
2815,386,11
2815,53,4
2816,400,5
2816,248,9
2816,243,2
2816,266,5
2816,270,4
2817,168,3
2817,464,8
2817,295,11
2817,71,3
2817,344,3
2818,468,9
2818,6,9
2818,412,10
2818,117,7
2818,227,10
2819,393,6
2819,321,6
2819,233,0
2819,109,4
2819,94,4
2820,362,2
2820,361,5
2820,371,5
2820,304,0
2820,43,6
2821,144,11
2821,249,3
2821,244,5
2821,142,3
2821,40,7
2822,122,11
2822,412,11
2822,281,11
2822,397,10
2822,101,11
2823,378,7
2823,51,7
2823,239,7
2823,208,7
2823,211,9
2824,178,1
2824,434,5
2824,393,1
2824,331,10
2824,334,7
2825,78,4
2825,386,5
2825,467,4
2825,317,9
2825,436,4
2826,83,3
2826,102,6
2826,414,2
2826,448,0
2826,374,2
2827,275,8
2827,5,7
2827,349,8
2827,253,3
2827,0,0
2828,108,6
2828,201,5
2828,499,2
2828,72,10
2828,206,8
2829,1,3
2829,305,1
2829,482,8
2829,7,3
2829,4,0
2830,453,1
2830,323,3
2830,27,10
2830,142,3
2830,10,3
2831,140,1
2831,209,5
2831,261,5
2831,461,11
2831,357,5
2832,209,8
2832,106,8
2832,229,8
2832,112,1
2832,71,4
2833,258,7
2833,124,10
2833,450,1
2833,232,1
2833,154,1
2834,299,5
2834,417,9
2834,420,11
2834,38,9
2834,428,9
2835,454,2
2835,36,7
2835,273,10
2835,19,2
2835,68,2
2836,152,7
2836,387,7
2836,74,3
2836,34,8
2836,53,7
2837,440,8
2837,0,1
2837,269,1
2837,364,1
2837,310,7
2838,200,1
2838,58,1
2838,118,4
2838,237,9
2838,442,0
2839,464,0
2839,287,6
2839,183,0
2839,51,3
2839,278,2
2840,167,0
2840,42,0
2840,401,0
2840,253,3
2840,124,10
2841,432,10
2841,465,6
2841,139,10
2841,309,7
2841,214,5
2842,92,5
2842,16,5
2842,494,5
2842,38,4
2842,326,5
2843,195,6
2843,346,2
2843,269,2
2843,43,2
2843,461,4
2844,403,1
2844,70,1
2844,333,4
2844,191,4
2844,248,5
2845,124,5
2845,472,7
2845,91,0
2845,130,5
2845,448,10
2846,125,5
2846,390,6
2846,73,5
2846,112,5
2846,194,2
2847,490,10
2847,93,7
2847,122,10
2847,358,5
2847,303,9
2848,369,8
2848,404,3
2848,157,5
2848,18,8
2848,224,4
2849,268,11
2849,462,5
2849,116,11
2849,297,0
2849,207,5
2850,235,8
2850,86,8
2850,88,5
2850,303,6
2850,218,0
2851,284,1
2851,176,7
2851,189,10
2851,322,5
2851,29,11
2852,289,6
2852,210,1
2852,433,1
2852,412,7
2852,213,8
2853,198,1
2853,256,4
2853,331,3
2853,109,3
2853,232,10
2854,200,3
2854,272,2
2854,421,2
2854,398,2
2854,335,2
2855,356,8
2855,30,7
2855,359,4
2855,493,4
2855,222,4
2856,374,11
2856,352,0
2856,467,3
2856,495,8
2856,178,11
2857,31,3
2857,57,0
2857,458,1
2857,271,5
2857,311,8
2858,85,8
2858,160,10
2858,495,10
2858,466,7
2859,320,3
2859,406,10
2859,380,3
2859,172,3
2859,237,3
2860,480,11
2860,290,11
2860,365,11
2860,97,11
2860,330,11
2861,272,11
2861,436,6
2861,379,3
2861,148,4
2861,134,8
2862,299,9
2862,495,11
2862,181,2
2862,32,11
2862,309,3
2863,3,9
2863,38,10
2863,211,2
2863,250,0
2863,474,9
2864,159,4
2864,130,4
2864,150,2
2864,402,1
2864,301,1
2865,161,5
2865,461,6
2865,231,6
2865,200,10
2865,312,9
2866,123,7
2866,155,7
2866,411,0
2866,287,7
2866,181,9
2867,96,10
2867,376,11
2867,494,11
2867,180,7
2867,379,11
2868,230,9
2868,339,9
2868,406,9
2868,132,9
2868,157,9
2869,439,4
2869,212,1
2869,344,8
2869,290,1
2869,225,0
2870,312,5
2870,398,8
2870,421,5
2870,343,1
2870,306,5
2871,284,11
2871,298,11
2871,237,11
2871,425,11
2871,196,10
2872,477,8
2872,435,4
2872,496,7
2872,82,4
2872,214,7
2873,244,4
2873,352,1
2873,131,1
2873,481,7
2873,205,1
2874,178,0
2874,27,0
2874,211,3
2874,341,4
2874,113,0
2875,168,2
2875,391,2
2875,176,9
2875,141,2
2875,456,3
2876,381,2
2876,246,10
2876,254,2
2876,75,5
2876,12,0
2877,239,5
2877,291,11
2877,61,11
2877,439,11
2877,283,1
2878,30,11
2878,363,0
2878,468,4
2878,411,11
2878,105,9
2879,135,0
2879,33,2
2879,208,3
2879,43,6
2879,228,3
2880,78,7
2880,18,8
2880,252,2
2880,104,7
2880,253,7
2881,312,6
2881,271,6
2881,467,2
2881,135,8
2881,223,6
2882,37,7
2882,373,4
2882,91,7
2882,81,7
2883,488,3
2883,289,3
2883,486,3
2883,392,0
2883,411,6
2884,400,7
2884,191,1
2884,0,6
2884,232,3
2884,238,3
2885,137,10
2885,272,10
2885,387,10
2885,247,10
2885,125,0
2886,217,8
2886,202,5
2886,426,6
2886,340,1
2886,198,10
2887,11,8
2887,462,8
2887,269,2
2887,469,5
2887,45,5
2888,3,1
2888,442,1
2888,106,1
2888,414,2
2888,102,2
2889,217,5
2889,494,8
2889,202,2
2889,188,8
2889,42,8
2890,472,4
2890,151,4
2890,320,4
2890,294,4
2890,337,4
2891,144,0
2891,44,0
2891,465,2
2891,197,7
2891,184,5
2892,435,11
2892,27,9
2892,40,3
2892,473,1
2892,288,0
2893,296,0
2893,255,11
2893,248,11
2893,487,11
2893,29,11
2894,56,0
2894,445,8
2894,369,2
2894,141,3
2894,236,10
2895,256,1
2895,143,5
2895,427,1
2895,3,1
2895,40,4
2896,356,7
2896,106,6
2896,283,0
2896,368,0
2896,199,0
2897,319,2
2897,353,5
2897,14,7
2897,304,9
2897,78,10
2898,334,10
2898,293,1
2898,270,11
2898,426,10
2898,477,10
2899,154,10
2899,414,0
2899,10,3
2899,314,9
2899,273,2
2900,311,5
2900,381,5
2900,238,7
2900,228,8
2900,435,9
2901,474,10
2901,157,8
2901,348,8
2901,334,10
2901,191,8
2902,288,4
2902,267,4
2902,385,4
2902,419,4
2902,98,6
2903,438,0
2903,55,7
2903,424,4
2903,117,7
2903,122,7
2904,172,0
2904,408,0
2904,413,10
2904,442,0
2904,139,11
2905,40,11
2905,457,2
2905,191,11
2905,413,11
2905,64,11
2906,190,5
2906,470,1
2906,335,5
2906,390,1
2906,2,5
2907,454,10
2907,321,10
2907,367,10
2907,485,6
2907,226,7
2908,458,7
2908,496,8
2908,463,8
2908,266,8
2908,122,8
2909,104,8
2909,258,8
2909,33,9
2909,119,8
2909,356,11
2910,442,7
2910,98,7
2910,224,7
2910,188,5
2910,494,7
2911,335,9
2911,250,6
2911,293,2
2911,453,7
2911,63,7
2912,20,3
2912,370,6
2912,209,11
2912,352,11
2912,478,10
2913,105,0
2913,4,2
2913,487,0
2913,193,2
2913,30,0
2914,458,9
2914,236,11
2914,150,3
2914,208,9
2914,126,6
2915,488,8
2915,338,3
2915,499,6
2915,205,11
2915,434,11
2916,440,5
2916,404,7
2916,167,7
2916,240,7
2916,77,1
2917,207,1
2917,57,11
2917,40,10
2917,316,1
2917,314,11
2918,117,3
2918,33,10
2918,4,0
2918,148,5
2918,35,0
2919,283,7
2919,482,9
2919,364,4
2919,14,7
2919,373,7
2920,113,6
2920,133,6
2920,361,6
2920,410,6
2921,449,7
2921,113,3
2921,100,3
2921,445,3
2921,224,5
2922,72,6
2922,441,6
2922,179,7
2922,336,6
2922,57,9
2923,67,1
2923,402,0
2923,196,2
2923,325,5
2923,130,0
2924,147,8
2924,462,1
2924,220,1
2924,354,1
2924,319,1
2925,11,2
2925,273,2
2925,163,11
2925,441,10
2925,78,2
2926,42,3
2926,379,1
2926,290,3
2926,32,3
2926,263,3
2927,376,2
2927,463,2
2927,46,6
2927,159,0
2927,242,11
2928,147,9
2928,134,5
2928,403,9
2928,246,5
2928,472,5
2929,454,2
2929,433,3
2929,427,2
2929,368,3
2929,127,4
2930,345,11
2930,103,9
2930,309,11
2930,179,11
2930,372,0
2931,83,10
2931,375,4
2931,262,11
2931,135,10
2931,22,10
2932,151,10
2932,157,10
2932,227,9
2932,218,10
2932,35,10
2933,444,0
2933,216,0
2933,296,0
2933,108,0
2933,57,0
2934,382,2
2934,234,2
2934,235,2
2934,19,2
2934,411,2
2935,496,0
2935,413,6
2935,438,9
2935,52,7
2935,194,0
2936,420,3
2936,368,9
2936,156,8
2936,104,3
2936,196,10
2937,464,5
2937,463,2
2937,68,5
2937,59,3
2937,446,7
2938,413,9
2938,54,9
2938,48,7
2938,346,8
2938,328,9
2939,395,9
2939,445,4
2939,99,3
2939,169,5
2939,13,5
2940,30,2
2940,224,2
2940,59,1
2940,440,2
2940,231,2
2941,238,5
2941,137,5
2941,203,9
2941,318,6
2941,402,5
2942,236,10
2942,194,10
2942,327,9
2942,314,7
2942,11,0
2943,436,4
2943,321,8
2943,6,4
2943,90,10
2943,332,1
2944,67,10
2944,107,10
2944,259,11
2944,239,10
2944,462,9
2945,108,5
2945,330,7
2945,240,4
2945,436,5
2945,385,5
2946,478,6
2946,196,3
2946,446,6
2946,484,6
2946,403,0
2947,390,5
2947,236,9
2947,403,8
2947,82,0
2947,194,7
2948,359,3
2948,449,6
2948,419,3
2948,456,8
2948,25,3
2949,376,7
2949,298,6
2949,427,3
2949,71,3
2949,484,3
2950,44,7
2950,18,5
2950,66,0
2950,9,0
2950,371,0
2951,405,4
2951,460,6
2951,236,7
2951,0,1
2952,178,4
2952,70,11
2952,246,4
2952,446,10
2952,440,4
2953,475,5
2953,255,5
2953,314,0
2953,165,8
2953,460,8
2954,246,10
2954,384,8
2954,397,7
2954,322,6
2954,268,8
2955,411,5
2955,146,8
2955,129,8
2955,145,0
2955,494,9
2956,356,2
2956,282,7
2956,338,2
2956,242,10
2956,32,6
2957,436,11
2957,46,11
2957,236,4
2957,296,11
2957,259,3
2958,280,0
2958,234,10
2958,445,6
2958,25,6
2958,245,6
2959,35,7
2959,40,2
2959,270,2
2959,259,5
2959,14,7
2960,328,3
2960,236,2
2960,111,10
2960,10,5
2960,217,2
2961,12,7
2961,29,7
2961,399,4
2961,385,9
2961,153,7
2962,448,11
2962,294,10
2962,90,3
2962,424,9
2962,82,0
2963,281,11
2963,269,7
2963,499,2
2963,356,4
2963,67,2
2964,44,0
2964,361,0
2964,407,0
2964,277,7
2964,209,0
2965,144,6
2965,496,6
2965,467,10
2965,306,4
2965,320,10
2966,130,7
2966,156,0
2966,218,2
2966,386,7
2966,20,11
2967,306,5
2967,407,8
2967,178,11
2967,234,4
2967,150,8
2968,74,7
2968,122,10
2968,458,0
2968,16,1
2968,311,0
2969,293,4
2969,272,4
2969,271,11
2969,374,4
2969,393,4
2970,362,0
2970,397,7
2970,177,0
2970,96,0
2970,463,0
2971,445,8
2971,146,9
2971,286,9
2971,159,6
2971,46,9
2972,429,11
2972,300,4
2972,468,11
2972,146,1
2972,478,11
2973,315,8
2973,198,1
2973,441,8
2973,211,10
2973,219,5
2974,424,3
2974,392,5
2974,486,6
2974,184,5
2974,170,10
2975,36,10
2975,447,1
2975,486,9
2975,40,1
2975,32,1
2976,128,10
2976,138,6
2976,408,1
2976,329,3
2976,149,3
2977,201,9
2977,78,9
2977,408,1
2977,329,9
2977,186,8
2978,274,11
2978,256,11
2978,140,1
2978,26,8
2978,381,9
2979,428,6
2979,8,1
2979,59,1
2979,230,1
2979,348,6
2980,142,11
2980,384,11
2980,191,11
2980,266,1
2980,31,11
2981,227,6
2981,96,4
2981,197,6
2981,33,9
2981,491,6
2982,452,9
2982,249,5
2982,367,9
2982,348,11
2982,236,11
2983,192,8
2983,93,2
2983,85,5
2983,57,4
2983,462,3
2984,82,11
2984,165,6
2984,311,10
2984,338,4
2984,208,2
2985,233,1
2985,225,4
2985,356,9
2985,238,8
2985,440,4
2986,182,6
2986,487,5
2986,31,5
2986,208,4
2986,20,5
2987,347,5
2987,414,5
2987,458,1
2987,91,5
2987,4,3
2988,151,5
2988,12,2
2988,109,1
2988,182,10
2988,53,7
2989,424,1
2989,17,5
2989,361,4
2989,125,9
2989,199,11
2990,354,1
2990,412,6
2990,38,5
2990,333,6
2990,325,0
2991,391,5
2991,49,3
2991,444,3
2991,138,3
2991,401,3
2992,7,4
2992,333,9
2992,470,4
2992,36,7
2992,466,4
2993,170,3
2993,128,6
2993,125,0
2993,464,3
2993,253,5
2994,495,5
2994,187,6
2994,72,4
2994,221,11
2994,371,1
2995,60,7
2995,449,2
2995,242,11
2995,21,5
2995,253,11
2996,436,10
2996,472,0
2996,162,9
2996,203,8
2996,236,10
2997,63,3
2997,89,8
2997,28,6
2997,294,10
2997,35,7
2998,317,5
2998,287,10
2998,345,10
2998,252,7
2998,308,10
2999,186,1
2999,436,6
2999,140,8
2999,453,7
2999,75,0
3000,451,9
3000,117,0
3000,207,9
3000,110,10
3000,30,1
3001,89,8
3001,205,8
3001,306,0
3001,27,2
3001,168,5
3002,464,2
3002,168,7
3002,360,3
3002,463,1
3002,319,6
3003,243,8
3003,171,7
3003,45,0
3003,152,0
3003,23,0
3004,273,3
3004,334,9
3004,156,7
3004,141,3
3004,112,5
3005,109,5
3005,323,11
3005,290,7
3005,188,11
3005,70,5
3006,494,10
3006,111,5
3006,8,4
3006,279,4
3006,326,4
3007,392,9
3007,164,10
3007,39,9
3007,491,9
3007,118,10
3008,251,1
3008,430,5
3008,454,10
3008,9,8
3008,112,1
3009,263,1
3009,91,4
3009,132,1
3009,489,4
3009,176,4
3010,329,8
3010,439,2
3010,401,3
3010,428,3
3010,41,8
3011,459,8
3011,190,10
3011,424,5
3011,60,5
3011,171,10
3012,131,3
3012,298,7
3012,409,4
3012,159,0
3012,212,11
3013,187,6
3013,447,11
3013,126,3
3013,246,11
3014,398,10
3014,226,10
3014,392,10
3014,237,1
3014,399,10
3015,488,1
3015,244,6
3015,254,1
3015,477,3
3015,219,3
3016,235,4
3016,387,9
3016,277,9
3016,298,0
3016,303,5
3017,89,7
3017,237,9
3017,413,7
3017,5,7
3017,59,7
3018,442,0
3018,13,1
3018,444,1
3018,26,1
3018,355,6
3019,140,2
3019,204,1
3019,413,1
3019,229,1
3019,289,1
3020,357,9
3020,160,9
3020,218,7
3020,256,6
3020,0,9
3021,132,8
3021,169,4
3021,152,8
3021,317,0
3021,401,10
3022,86,1
3022,124,10
3022,189,1
3022,208,6
3022,322,1
3023,178,4
3023,123,9
3023,331,10
3023,128,11
3023,102,10
3024,147,11
3024,264,7
3024,18,9
3024,481,10
3024,82,2
3025,286,6
3025,439,7
3025,311,7
3025,15,2
3025,421,5
3026,74,0
3026,28,0
3026,284,7
3026,377,0
3026,381,7
3027,357,0
3027,295,3
3027,130,7
3027,479,11
3027,415,11
3028,315,1
3028,288,5
3028,49,10
3028,304,11
3028,81,10
3029,446,5
3029,374,1
3029,428,2
3029,496,5
3030,309,3
3030,118,8
3030,253,2
3030,51,5
3030,206,5
3031,318,7
3031,325,1
3031,239,2
3031,0,0
3031,92,7
3032,475,7
3032,276,8
3032,82,7
3032,486,7
3032,51,10
3033,304,10
3033,331,2
3033,333,10
3033,488,7
3033,238,2
3034,36,9
3034,430,1
3034,43,2
3034,165,2
3034,191,2
3035,152,10
3035,133,1
3035,392,1
3035,126,10
3035,378,4
3036,189,7
3036,114,7
3036,443,0
3036,147,1
3036,269,1
3037,142,1
3037,150,5
3037,430,6
3037,285,6
3037,88,0
3038,412,9
3038,252,8
3038,79,9
3038,312,9
3038,352,9
3039,38,10
3039,438,8
3039,174,1
3039,251,9
3039,247,7
3040,106,1
3040,465,1
3040,140,6
3040,225,6
3041,148,4
3041,135,4
3041,494,2
3041,264,11
3041,237,4
3042,144,7
3042,491,7
3042,166,7
3042,421,5
3042,191,7
3043,322,11
3043,355,11
3043,157,11
3043,390,11
3043,382,1
3044,187,11
3044,432,0
3044,160,8
3044,73,0
3044,191,0
3045,5,5
3045,12,10
3045,206,10
3045,120,10
3045,61,6
3046,363,0
3046,109,1
3046,456,1
3046,206,10
3046,321,8
3047,335,3
3047,353,3
3047,340,10
3047,85,3
3047,481,10
3048,36,0
3048,330,0
3048,179,0
3048,55,0
3048,319,5
3049,337,8
3049,431,3
3049,70,6
3049,110,3
3049,167,3
3050,392,3
3050,59,1
3050,139,10
3050,412,10
3050,71,8
3051,64,5
3051,165,3
3051,452,7
3051,140,2
3051,412,5
3052,426,11
3052,271,0
3052,46,6
3052,184,6
3052,36,6
3053,147,10
3053,255,3
3053,155,0
3053,318,0
3053,177,1
3054,308,5
3054,43,9
3054,269,6
3054,338,10
3054,18,10
3055,196,8
3055,274,9
3055,327,9
3055,239,9
3055,150,5
3056,42,7
3056,378,4
3056,254,1
3056,111,1
3057,357,6
3057,317,2
3057,324,2
3057,407,10
3057,143,9
3058,226,2
3058,232,2
3058,98,2
3058,80,2
3058,72,5
3059,136,8
3059,398,8
3059,425,8
3059,382,8
3059,185,8
3060,441,10
3060,481,6
3060,297,6
3060,94,6
3060,74,4
3061,0,7
3061,229,5
3061,3,10
3061,305,5
3061,390,10
3062,48,2
3062,359,2
3062,485,5
3062,360,5
3062,61,11
3063,288,5
3063,120,5
3063,250,5
3063,379,2
3063,294,5
3064,442,5
3064,230,11
3064,55,11
3064,6,5
3064,23,11
3065,411,5
3065,490,4
3065,316,7
3065,242,4
3066,471,3
3066,414,8
3066,6,7
3066,25,10
3066,94,0
3067,86,11
3067,492,1
3067,26,1
3067,198,1
3067,85,1
3068,365,11
3068,372,2
3068,375,11
3068,244,6
3068,120,6
3069,190,4
3069,377,9
3069,51,9
3069,315,9
3069,228,9
3070,11,3
3070,373,2
3070,14,10
3070,129,2
3070,438,2
3071,398,2
3071,189,3
3071,422,4
3071,191,9
3071,162,1
3072,4,11
3072,20,5
3072,264,2
3072,138,0
3072,63,5
3073,185,0
3073,133,0
3073,42,2
3073,44,0
3073,221,0
3074,120,6
3074,363,6
3074,116,7
3074,132,7
3074,141,3
3075,191,4
3075,12,8
3075,157,8
3075,73,0
3075,397,0
3076,306,0
3076,93,2
3076,113,1
3076,198,5
3076,72,4
3077,329,8
3077,118,5
3077,181,8
3077,1,8
3077,68,8
3078,193,3
3078,52,6
3078,79,7
3078,449,6
3078,131,9
3079,52,1
3079,287,2
3079,32,3
3079,204,7
3079,106,10
3080,468,7
3080,408,3
3080,290,8
3080,423,10
3080,174,8
3081,485,6
3081,194,3
3081,318,8
3081,251,9
3081,56,3
3082,28,10
3082,146,9
3082,24,9
3082,257,6
3082,457,3
3083,204,1
3083,197,11
3083,370,11
3083,371,5
3083,385,3
3084,132,1
3084,216,4
3084,72,5
3084,64,3
3084,239,5
3085,274,10
3085,230,10
3085,341,5
3085,8,7
3085,390,10
3086,144,10
3086,443,3
3086,374,10
3086,388,10
3086,268,10
3087,69,5
3087,304,4
3087,173,11
3087,379,1
3087,103,11
3088,3,10
3088,134,3
3088,18,11
3088,363,3
3088,187,3
3089,249,9
3089,311,0
3089,79,2
3089,323,3
3089,219,11
3090,477,6
3090,260,6
3090,61,7
3090,304,6
3090,438,10
3091,222,1
3091,458,1
3091,488,2
3091,492,1
3091,142,11
3092,150,4
3092,188,5
3092,244,11
3092,372,0
3092,86,4
3093,432,11
3093,10,5
3093,254,5
3093,157,3
3093,47,4
3094,415,7
3094,233,7
3094,254,7
3094,466,7
3094,161,0
3095,31,3
3095,387,4
3095,461,6
3095,46,7
3095,326,1
3096,21,3
3096,20,9
3096,85,9
3096,177,9
3096,238,9
3097,359,10
3097,135,2
3097,8,3
3097,457,10
3097,100,10
3098,403,3
3098,93,9
3098,143,5
3098,40,7
3098,220,2
3099,150,11
3099,311,3
3099,217,8
3099,253,11
3099,124,11
3100,133,10
3100,414,9
3100,117,10
3100,307,10
3100,70,10
3101,259,0
3101,20,9
3101,207,0
3101,68,0
3101,394,0
3102,231,4
3102,406,8
3102,402,4
3102,438,4
3102,106,4
3103,455,9
3103,154,10
3103,288,9
3103,300,7
3103,474,9
3104,78,8
3104,159,8
3104,111,8
3104,494,8
3104,351,10
3105,66,0
3105,377,0
3105,124,0
3105,395,4
3105,136,1
3106,423,3
3106,189,0
3106,227,11
3106,288,7
3106,486,7
3107,490,10
3107,5,1
3107,270,6
3107,244,6
3107,406,0
3108,13,11
3108,236,11
3108,341,2
3108,76,4
3108,50,11
3109,212,4
3109,372,4
3109,54,4
3109,208,10
3109,309,3
3110,99,10
3110,34,10
3110,350,8
3110,495,10
3110,139,10
3111,403,5
3111,452,7
3111,49,7
3111,82,7
3111,29,7
3112,319,8
3112,228,1
3112,114,3
3112,352,6
3112,325,10
3113,439,1
3113,267,3
3113,129,9
3113,171,5
3113,415,5
3114,422,0
3114,368,11
3114,276,7
3114,133,7
3114,410,3
3115,181,9
3115,173,2
3115,116,4
3115,6,9
3115,278,6
3116,469,1
3116,384,1
3116,67,1
3116,236,1
3116,193,1
3117,421,0
3117,76,9
3117,130,0
3117,429,1
3117,33,0
3118,348,2
3118,143,8
3118,415,5
3118,267,6
3118,59,3
3119,484,6
3119,443,0
3119,107,0
3119,139,6
3119,9,0
3120,320,2
3120,348,11
3120,414,2
3120,277,2
3120,486,2
3121,232,2
3121,266,2
3121,480,2
3121,411,7
3121,131,2
3122,229,2
3122,33,9
3122,293,5
3122,183,0
3122,172,5
3123,414,8
3123,292,10
3123,260,1
3123,278,10
3123,465,8
3124,49,2
3124,468,10
3124,483,2
3124,232,10
3124,413,10
3125,391,2
3125,159,2
3125,172,2
3125,232,2
3125,101,11
3126,117,11
3126,325,11
3126,422,0
3126,259,3
3126,132,7
3127,388,6
3127,356,3
3127,146,10
3127,187,10
3127,104,1
3128,263,10
3128,475,10
3128,249,8
3128,26,7
3128,181,10
3129,85,11
3129,284,1
3129,146,1
3129,90,0
3129,232,1
3130,283,6
3130,279,3
3130,455,6
3130,113,6
3130,220,6
3131,302,7
3131,438,7
3131,16,4
3131,57,0
3131,396,0
3132,251,5
3132,101,5
3132,224,8
3132,51,7
3133,211,11
3133,190,3
3133,157,8
3133,469,3
3133,47,11
3134,480,6
3134,408,11
3134,392,5
3134,36,11
3134,70,7
3135,435,1
3135,151,8
3135,325,6
3135,326,7
3135,451,5
3136,482,9
3136,94,11
3136,431,8
3136,22,10
3136,105,10
3137,165,6
3137,14,8
3137,445,10
3137,109,8
3137,456,8
3138,285,0
3138,37,5
3138,389,8
3138,35,6
3138,315,3
3139,121,1
3139,497,10
3139,360,10
3139,359,2
3139,272,10
3140,65,6
3140,211,10
3140,452,10
3140,256,10
3140,318,0
3141,388,5
3141,397,3
3141,267,11
3141,493,10
3141,310,6
3142,472,8
3142,457,8
3142,253,6
3142,68,10
3142,299,0
3143,397,4
3143,460,7
3143,490,9
3143,131,4
3143,439,4
3144,339,2
3144,463,9
3144,124,7
3144,256,7
3144,308,2
3145,370,0
3145,95,4
3145,406,4
3145,376,1
3145,279,3
3146,483,7
3146,434,7
3146,412,11
3146,453,9
3146,285,10
3147,138,9
3147,259,3
3147,289,3
3147,146,10
3147,143,10
3148,449,3
3148,42,3
3148,169,3
3148,109,2
3148,459,3
3149,123,4
3149,483,4
3149,373,4
3149,40,4
3149,370,4
3150,370,6
3150,311,8
3150,361,9
3150,445,4
3150,296,0
3151,461,7
3151,217,7
3151,13,4
3151,223,7
3151,488,2
3152,295,8
3152,69,2
3152,104,3
3152,173,8
3152,143,8
3153,461,8
3153,373,8
3153,406,8
3153,113,8
3153,438,8
3154,234,2
3154,457,1
3154,30,2
3154,294,2
3154,13,2
3155,188,1
3155,201,10
3155,198,0
3155,474,11
3155,301,8
3156,483,3
3156,344,6
3156,208,6
3156,53,3
3156,322,3
3157,82,1
3157,303,1
3157,319,1
3157,333,11
3157,139,1
3158,95,11
3158,415,7
3158,261,11
3158,396,11
3158,416,5
3159,255,2
3159,371,3
3159,429,7
3159,57,7
3159,103,7
3160,329,7
3160,69,0
3160,274,7
3160,450,11
3161,66,3
3161,460,2
3161,70,3
3161,271,3
3161,46,4
3162,114,5
3162,107,9
3162,473,0
3162,272,9
3162,27,9
3163,425,10
3163,345,8
3163,35,7
3163,285,10
3163,404,10
3164,120,6
3164,386,7
3164,374,6
3164,94,1
3164,215,6
3165,385,8
3165,147,0
3165,170,3
3165,306,2
3165,443,0
3166,354,6
3166,475,2
3166,108,8
3166,316,6
3166,490,5
3167,189,6
3167,281,1
3167,299,5
3167,35,1
3167,193,7
3168,64,0
3168,379,3
3168,288,11
3168,292,11
3168,175,4
3169,285,7
3169,23,5
3169,357,10
3169,313,4
3169,302,5
3170,422,10
3170,303,1
3170,131,1
3170,205,11
3170,324,0
3171,295,1
3171,380,1
3171,21,5
3171,47,1
3171,382,9
3172,219,9
3172,376,10
3172,453,3
3172,222,6
3172,432,7
3173,467,10
3173,287,7
3173,401,8
3173,454,0
3173,331,8
3174,492,1
3174,222,11
3174,151,1
3174,363,1
3174,49,4
3175,244,5
3175,198,5
3175,87,5
3175,342,5
3175,163,5
3176,453,10
3176,242,4
3176,403,5
3176,99,3
3176,440,5
3177,303,1
3177,143,1
3177,112,0
3177,48,1
3177,395,7
3178,486,7
3178,10,11
3178,331,1
3178,216,1
3178,99,0
3179,227,4
3179,340,4
3179,297,11
3179,167,7
3179,194,4
3180,366,3
3180,112,10
3180,414,0
3180,220,5
3180,72,2
3181,224,7
3181,349,2
3181,105,7
3181,461,11
3181,281,8
3182,89,7
3182,438,0
3182,141,1
3182,59,2
3182,479,7
3183,15,10
3183,384,11
3183,336,10
3183,398,10
3183,267,6
3184,249,5
3184,326,5
3184,57,6
3184,0,5
3184,374,7
3185,151,10
3185,297,2
3185,192,5
3185,44,2
3185,356,7
3186,50,0
3186,118,0
3186,283,1
3186,406,7
3186,203,7
3187,176,9
3187,467,8
3187,444,10
3187,394,6
3187,197,6
3188,36,7
3188,219,6
3188,356,5
3188,25,0
3188,406,10
3189,316,7
3189,255,11
3189,428,11
3189,62,6
3189,99,4
3190,353,2
3190,107,5
3190,12,5
3190,186,5
3190,223,5
3191,263,10
3191,407,8
3191,391,7
3191,195,9
3191,421,9
3192,57,3
3192,103,3
3192,475,2
3192,138,3
3192,251,3
3193,175,3
3193,130,3
3193,395,3
3193,431,8
3193,142,4
3194,300,9
3194,370,9
3194,391,9
3194,213,9
3194,177,9
3195,16,11
3195,363,2
3195,5,6
3195,161,6
3195,364,6
3196,231,5
3196,491,3
3196,338,3
3196,199,3
3196,29,3
3197,408,3
3197,382,1
3197,116,8
3197,127,3
3197,363,2
3198,99,7
3198,268,5
3198,497,7
3198,82,1
3198,304,7
3199,140,3
3199,190,7
3199,466,7
3199,455,2
3199,58,8
3200,151,7
3200,290,7
3200,41,9
3200,144,10
3200,82,0
3201,375,6
3201,177,6
3201,216,9
3201,492,6
3201,11,3
3202,251,0
3202,432,5
3202,137,5
3202,232,8
3202,430,5
3203,182,6
3203,237,6
3203,310,6
3203,366,0
3203,451,6
3204,253,7
3204,182,7
3204,265,7
3204,96,8
3204,198,9
3205,94,1
3205,57,10
3205,369,10
3205,405,10
3205,246,4
3206,334,1
3206,200,3
3206,207,0
3206,333,7
3206,280,8
3207,314,3
3207,289,1
3207,35,4
3207,272,4
3207,226,0
3208,47,11
3208,325,4
3208,24,4
3208,353,3
3208,490,4
3209,231,7
3209,408,2
3209,108,7
3209,485,7
3209,271,3
3210,130,2
3210,284,4
3210,202,2
3210,76,2
3210,337,10
3211,88,7
3211,71,7
3211,444,4
3211,165,4
3211,69,4
3212,112,4
3212,136,1
3212,80,4
3212,414,4
3212,380,4
3213,293,11
3213,367,9
3213,214,8
3213,86,8
3213,135,8
3214,25,6
3214,227,3
3214,247,3
3214,211,5
3214,244,3
3215,478,4
3215,180,7
3215,439,4
3215,494,4
3215,223,4
3216,319,5
3216,340,2
3216,96,4
3216,95,1
3216,211,1
3217,337,8
3217,67,8
3217,31,8
3217,257,5
3217,63,8
3218,136,5
3218,466,7
3218,313,7
3218,365,8
3218,425,7
3219,73,10
3219,493,1
3219,110,2
3219,123,10
3219,137,11
3220,145,9
3220,210,7
3220,367,2
3220,292,9
3220,106,6
3221,468,6
3221,258,3
3221,163,10
3221,411,11
3221,469,11
3222,476,9
3222,65,9
3222,43,1
3222,297,2
3222,272,9
3223,317,8
3223,84,8
3223,46,8
3223,381,8
3223,389,5
3224,189,0
3224,140,0
3224,244,0
3224,147,2
3224,316,4
3225,109,6
3225,87,9
3225,132,5
3225,374,10
3225,32,11
3226,374,1
3226,318,1
3226,437,11
3226,489,4
3226,45,10
3227,362,10
3227,142,3
3227,266,7
3227,208,2
3227,185,8
3228,399,11
3228,293,2
3228,141,1
3228,210,6
3228,371,3
3229,329,3
3229,453,11
3229,118,11
3229,120,9
3229,36,11
3230,250,3
3230,315,9
3230,328,2
3230,393,2
3230,193,11
3231,75,2
3231,319,2
3231,285,9
3231,64,3
3231,428,2
3232,241,4
3232,87,4
3232,141,10
3232,326,4
3232,12,10
3233,384,2
3233,63,2
3233,445,3
3233,476,2
3233,497,2
3234,292,9
3234,339,9
3234,205,9
3234,393,9
3234,494,2
3235,169,6
3235,402,11
3235,204,6
3235,295,8
3235,223,0
3236,8,10
3236,351,3
3236,225,9
3236,363,10
3236,499,7
3237,221,5
3237,451,5
3237,462,5
3237,430,0
3237,60,5
3238,233,8
3238,436,6
3238,36,6
3238,210,6
3238,472,6
3239,152,10
3239,13,1
3239,22,10
3239,16,10
3239,104,10
3240,26,2
3240,147,11
3240,193,6
3240,298,10
3240,62,11
3241,106,10
3241,169,11
3241,317,10
3241,465,10
3241,376,10
3242,156,11
3242,325,3
3242,193,7
3242,340,7
3242,239,7
3243,316,5
3243,86,6
3243,48,6
3243,356,9
3243,229,5
3244,116,8
3244,17,8
3244,172,8
3244,62,8
3244,398,1
3245,386,0
3245,253,2
3245,433,2
3245,270,2
3245,316,5
3246,486,9
3246,132,9
3246,308,9
3246,8,6
3246,320,6
3247,170,4
3247,384,5
3247,88,2
3247,24,6
3247,355,2
3248,16,0
3248,396,0
3248,455,1
3248,116,1
3248,0,8
3249,450,5
3249,405,7
3249,96,3
3249,377,7
3249,381,10
3250,437,8
3250,393,0
3250,126,4
3250,193,8
3250,6,1
3251,23,8
3251,61,10
3251,362,6
3251,116,3
3251,433,2
3252,340,9
3252,174,8
3252,164,8
3252,275,10
3252,440,8
3253,210,7
3253,119,9
3253,339,7
3253,122,3
3253,489,9
3254,344,1
3254,390,1
3254,127,4
3254,414,3
3254,167,2
3255,224,6
3255,351,8
3255,104,1
3255,27,9
3255,447,9
3256,79,7
3256,69,7
3256,60,7
3256,258,9
3256,114,9
3257,399,9
3257,38,6
3257,165,6
3257,277,6
3257,90,6
3258,394,1
3258,311,6
3258,43,11
3258,291,7
3259,3,5
3259,376,6
3259,265,5
3259,98,5
3259,234,11
3260,177,10
3260,103,2
3260,23,9
3260,39,9
3261,113,4
3261,120,11
3261,254,10
3261,458,10
3261,156,4
3262,301,6
3262,81,3
3262,289,11
3262,119,3
3262,27,4
3263,108,3
3263,238,3
3263,22,3
3263,261,4
3263,448,6
3264,358,2
3264,246,3
3264,41,6
3264,195,6
3264,180,9
3265,50,1
3265,367,5
3265,46,5
3265,39,5
3265,339,9
3266,177,8
3266,467,9
3266,142,2
3266,415,8
3266,36,0
3267,29,9
3267,50,1
3267,263,9
3267,170,9
3267,425,3
3268,490,6
3268,441,9
3268,407,10
3268,114,0
3268,482,5
3269,57,0
3269,308,0
3269,97,3
3269,499,6
3269,194,0
3270,50,0
3270,384,4
3270,43,8
3270,94,8
3270,415,8
3271,179,2
3271,186,4
3271,443,9
3271,35,1
3271,7,2
3272,331,8
3272,371,8
3272,112,8
3272,205,1
3273,429,0
3273,293,8
3273,433,4
3273,266,8
3273,339,4
3274,32,11
3274,149,3
3274,225,0
3274,61,10
3274,432,0
3275,388,11
3275,18,5
3275,30,7
3275,399,11
3275,415,7
3276,291,2
3276,438,2
3276,372,2
3276,451,2
3276,267,2
3277,56,3
3277,386,9
3277,304,11
3277,276,3
3277,95,3
3278,407,11
3278,377,7
3278,415,9
3278,494,9
3278,22,5
3279,440,9
3279,305,9
3279,163,9
3279,275,10
3279,166,6
3280,126,4
3280,128,0
3280,25,7
3280,250,0
3280,342,4
3281,17,8
3281,81,11
3281,478,10
3281,376,10
3281,241,10
3282,389,6
3282,390,6
3282,183,3
3282,290,6
3282,182,4
3283,281,6
3283,74,0
3283,30,3
3283,165,1
3283,271,4
3284,61,11
3284,351,11
3284,239,11
3284,344,5
3284,281,3
3285,163,11
3285,357,2
3285,307,11
3285,385,11
3285,399,11
3286,338,5
3286,195,2
3286,194,5
3286,370,1
3286,266,9
3287,47,5
3287,479,5
3287,184,9
3287,192,8
3287,319,9
3288,262,1
3288,200,0
3288,492,9
3288,193,8
3288,308,10
3289,272,11
3289,120,11
3289,359,11
3289,483,11
3289,258,5
3290,64,10
3290,227,9
3290,115,5
3290,102,10
3290,316,9
3291,449,0
3291,411,8
3291,95,9
3291,429,11
3291,221,10
3292,460,6
3292,19,1
3292,81,9
3292,385,1
3292,12,9
3293,470,9
3293,400,9
3293,311,9
3293,13,7
3293,425,9
3294,290,2
3294,126,3
3294,490,1
3294,161,9
3294,354,9
3295,19,11
3295,471,5
3295,200,11
3295,66,11
3295,228,1
3296,387,1
3296,434,3
3296,391,2
3296,491,3
3296,411,3
3297,480,8
3297,224,5
3297,86,8
3297,361,8
3297,236,8
3298,234,2
3298,469,9
3298,8,9
3298,333,9
3298,392,7
3299,310,3
3299,225,4
3299,261,3
3299,492,0
3299,45,3
3300,70,6
3300,390,6
3300,455,6
3300,45,6
3300,157,0
3301,386,6
3301,171,10
3301,127,4
3301,77,8
3301,422,8
3302,98,8
3302,90,4
3302,122,6
3302,338,3
3302,409,6
3303,258,8
3303,164,10
3303,225,6
3303,197,11
3303,365,11
3304,388,10
3304,216,5
3304,439,5
3304,353,6
3304,384,7
3305,296,11
3305,443,6
3305,103,4
3305,239,5
3305,98,2
3306,221,1
3306,159,8
3306,13,0
3306,225,8
3306,447,8
3307,274,7
3307,175,7
3307,204,7
3307,270,7
3307,382,7
3308,431,11
3308,6,2
3308,271,2
3308,281,2
3308,420,3
3309,393,4
3309,301,7
3309,345,7
3309,187,11
3310,117,3
3310,68,10
3310,66,6
3310,32,6
3310,205,3
3311,72,2
3311,4,2
3311,30,2
3311,205,9
3311,408,2
3312,30,7
3312,186,7
3312,116,5
3312,377,6
3312,407,7
3313,209,5
3313,404,4
3313,315,1
3313,210,1
3313,218,10
3314,134,1
3314,390,2
3314,154,8
3314,22,2
3314,324,6
3315,306,9
3315,175,3
3315,421,2
3315,187,8
3315,320,9
3316,33,0
3316,375,1
3316,61,0
3316,301,7
3316,371,2
3317,61,4
3317,285,6
3317,477,8
3317,201,0
3317,267,11
3318,154,8
3318,345,9
3318,360,7
3318,125,0
3318,177,9
3319,348,3
3319,449,3
3319,114,2
3319,314,1
3319,231,3
3320,399,5
3320,321,6
3320,431,6
3320,477,4
3320,175,6
3321,490,8
3321,99,0
3321,107,2
3321,412,11
3321,205,9
3322,201,9
3322,340,10
3322,35,10
3322,63,10
3322,471,10
3323,391,1
3323,183,4
3323,161,1
3323,178,1
3323,453,4
3324,376,1
3324,259,1
3324,202,1
3324,469,1
3324,411,3
3325,208,10
3325,43,8
3325,238,8
3325,492,8
3325,293,8
3326,63,10
3326,12,4
3326,264,0
3326,493,4
3326,406,4
3327,393,2
3327,116,7
3327,128,6
3327,446,2
3327,359,8
3328,40,4
3328,252,6
3328,142,9
3328,193,2
3328,68,4
3329,306,11
3329,159,5
3329,254,5
3329,283,5
3329,34,5
3330,483,1
3330,112,3
3330,226,9
3330,266,3
3330,19,2
3331,466,3
3331,44,7
3331,27,7
3331,40,4
3331,167,7
3332,462,7
3332,108,10
3332,20,0
3332,472,9
3332,326,8
3333,117,1
3333,467,6
3333,9,5
3333,390,0
3333,466,11
3334,169,11
3334,366,4
3334,453,9
3334,497,3
3334,443,6
3335,50,11
3335,490,4
3335,20,6
3335,40,2
3335,120,2
3336,154,8
3336,494,6
3336,233,8
3336,187,2
3336,5,8
3337,2,8
3337,387,9
3337,3,1
3337,50,9
3337,45,1
3338,222,8
3338,59,7
3338,257,4
3338,466,10
3338,88,10
3339,309,8
3339,329,5
3339,462,4
3339,465,2
3339,72,2
3340,6,8
3340,341,8
3340,456,7
3340,160,10
3340,431,4
3341,320,10
3341,61,10
3341,149,11
3341,497,11
3341,291,7
3342,222,3
3342,116,6
3342,16,6
3342,25,6
3342,484,11
3343,409,4
3343,158,4
3343,410,4
3343,203,4
3343,144,1
3344,246,4
3344,201,4
3344,130,4
3344,80,8
3344,319,4
3345,135,11
3345,303,9
3345,391,11
3345,417,11
3345,217,11
3346,383,2
3346,386,9
3346,122,9
3346,257,9
3346,320,7
3347,46,3
3347,454,10
3347,145,10
3347,91,4
3347,265,3
3348,238,4
3348,163,6
3348,127,7
3348,189,10
3348,463,1
3349,345,10
3349,172,2
3349,87,10
3349,72,10
3349,411,11
3350,211,3
3350,179,0
3350,375,7
3350,53,6
3350,141,2
3351,366,3
3351,249,8
3351,219,3
3351,489,1
3351,373,2
3352,151,10
3352,499,10
3352,406,10
3352,242,10
3352,114,10
3353,30,5
3353,350,10
3353,175,5
3353,119,5
3353,54,5
3354,281,1
3354,80,10
3354,236,10
3354,3,3
3354,441,9
3355,65,5
3355,80,11
3355,83,10
3355,140,4
3355,197,0
3356,410,10
3356,24,6
3356,44,10
3356,437,8
3356,468,1
3357,37,8
3357,119,1
3357,183,8
3357,205,5
3357,423,8
3358,296,9
3358,309,1
3358,146,10
3358,37,9
3358,468,7
3359,311,1
3359,204,6
3359,216,1
3359,106,6
3359,448,1
3360,305,3
3360,57,3
3360,7,3
3360,480,4
3360,472,3
3361,395,4
3361,428,10
3361,360,4
3361,350,2
3361,73,6
3362,455,2
3362,33,2
3362,209,9
3362,340,4
3362,277,2
3363,215,10
3363,164,8
3363,112,10
3363,243,7
3363,221,3
3364,332,4
3364,188,11
3364,107,10
3364,6,5
3364,321,11
3365,160,8
3365,206,5
3365,132,8
3365,299,8
3365,138,8
3366,454,5
3366,477,2
3366,120,0
3366,346,8
3366,140,1
3367,307,2
3367,234,3
3367,313,2
3367,412,2
3367,172,5
3368,194,6
3368,170,6
3368,495,2
3368,398,9
3368,394,6
3369,493,2
3369,393,2
3369,229,7
3369,476,2
3369,16,2
3370,210,11
3370,379,11
3370,490,5
3370,9,11
3370,413,7
3371,211,5
3371,117,1
3371,339,5
3371,219,2
3371,87,11
3372,57,5
3372,180,4
3372,450,10
3372,53,0
3372,198,6
3373,82,0
3373,69,11
3373,57,3
3373,411,0
3373,35,0
3374,77,9
3374,82,7
3374,489,9
3374,168,0
3374,348,9
3375,382,10
3375,125,10
3375,435,6
3375,85,10
3375,389,10
3376,498,3
3376,192,9
3376,265,8
3376,19,11
3376,255,3
3377,381,11
3377,498,11
3377,449,11
3377,310,10
3377,470,8
3378,417,0
3378,2,0
3378,129,0
3378,253,11
3378,392,4
3379,338,6
3379,263,6
3379,448,8
3379,342,6
3379,57,5
3380,307,7
3380,480,7
3380,173,8
3380,170,7
3380,106,2
3381,6,8
3381,364,6
3381,468,1
3381,375,6
3382,418,0
3382,195,0
3382,496,0
3382,126,9
3382,76,1
3383,261,3
3383,217,7
3383,458,7
3383,375,11
3383,299,7
3384,232,4
3384,428,4
3384,173,4
3384,139,4
3384,153,2
3385,438,8
3385,320,11
3385,34,6
3385,471,6
3385,160,10
3386,79,11
3386,141,1
3386,160,8
3386,490,2
3386,403,11
3387,120,7
3387,411,7
3387,148,5
3387,396,7
3387,259,10
3388,18,11
3388,459,6
3388,487,11
3388,25,2
3388,94,1
3389,133,2
3389,424,2
3389,210,2
3389,136,2
3389,110,7
3390,39,10
3390,236,2
3390,120,11
3390,72,9
3390,287,11
3391,304,8
3391,33,11
3391,243,1
3391,145,7
3391,112,11
3392,148,6
3392,69,10
3392,420,6
3392,103,4
3392,55,6
3393,165,10
3393,253,1
3393,273,9
3393,187,3
3393,113,1
3394,59,4
3394,283,2
3394,222,4
3394,281,4
3394,292,4
3395,496,8
3395,185,10
3395,258,5
3395,267,2
3395,243,10
3396,57,9
3396,360,1
3396,21,9
3396,286,7
3396,311,9
3397,249,8
3397,29,8
3397,173,8
3397,273,8
3398,349,9
3398,322,4
3398,328,0
3398,152,6
3398,446,3
3399,319,5
3399,447,3
3399,83,3
3399,151,3
3399,306,7
3400,11,10
3400,95,6
3400,199,6
3400,258,6
3400,397,6
3401,496,3
3401,441,10
3401,295,1
3401,258,10
3401,227,1
3402,363,3
3402,485,3
3402,66,3
3402,465,6
3402,60,3
3403,33,0
3403,453,0
3403,39,1
3403,392,11
3403,260,7
3404,230,4
3404,150,4
3404,189,4
3404,369,4
3404,17,4
3405,207,0
3405,256,0
3405,268,0
3405,120,0
3405,392,4
3406,409,1
3406,482,11
3406,410,8
3406,128,0
3406,198,5
3407,112,10
3407,313,6
3407,84,10
3407,377,10
3407,164,10
3408,235,4
3408,203,4
3408,361,4
3408,294,9
3408,345,5
3409,350,3
3409,24,3
3409,314,3
3409,383,7
3409,155,3
3410,413,1
3410,237,6
3410,361,4
3410,215,1
3410,356,1
3411,244,9
3411,401,9
3411,9,9
3411,447,9
3411,122,9
3412,32,4
3412,130,9
3412,141,9
3412,6,9
3412,417,9
3413,243,10
3413,72,10
3413,112,10
3413,427,5
3413,93,10
3414,329,6
3414,349,7
3414,43,9
3414,189,1
3414,452,8
3415,355,0
3415,469,4
3415,303,1
3415,77,4
3415,453,4
3416,422,11
3416,3,7
3416,401,0
3416,10,7
3416,482,5
3417,498,8
3417,72,8
3417,356,8
3417,61,8
3417,229,8
3418,220,8
3418,212,9
3418,366,9
3418,171,10
3418,430,9
3419,367,1
3419,188,6
3419,250,3
3419,198,2
3419,365,6
3420,137,9
3420,57,5
3420,404,2
3420,18,4
3420,326,6
3421,203,3
3421,404,2
3421,74,7
3421,239,7
3421,208,5
3422,434,8
3422,478,4
3422,345,6
3422,222,5
3422,233,9
3423,178,6
3423,398,1
3423,313,11
3423,215,1
3423,204,0
3424,226,4
3424,206,8
3424,112,10
3424,239,11
3424,230,4
3425,191,11
3425,325,11
3425,32,11
3425,305,11
3425,213,11
3426,60,10
3426,382,2
3426,9,1
3426,88,1
3426,30,7
3427,364,6
3427,398,4
3427,317,6
3427,179,10
3427,463,4
3428,308,4
3428,143,11
3428,411,8
3428,282,4
3428,257,4
3429,29,0
3429,495,8
3429,148,0
3429,340,0
3429,222,0
3430,195,10
3430,123,3
3430,84,3
3430,3,10
3430,445,3
3431,91,10
3431,269,11
3431,23,4
3431,338,0
3431,287,10
3432,327,11
3432,356,3
3432,272,7
3432,397,5
3432,97,1
3433,174,11
3433,324,3
3433,207,11
3433,38,5
3433,60,11
3434,66,11
3434,358,0
3434,293,3
3434,60,4
3434,178,4
3435,425,4
3435,351,8
3435,384,2
3435,463,6
3435,94,4
3436,467,5
3436,38,8
3436,291,4
3436,332,0
3436,275,8
3437,461,5
3437,49,0
3437,430,4
3437,359,3
3437,467,0
3438,221,1
3438,240,1
3438,2,8
3438,69,6
3438,439,1
3439,174,1
3439,35,9
3439,466,4
3439,263,0
3440,389,5
3440,140,1
3440,86,1
3440,477,1
3440,177,4
3441,373,7
3441,467,10
3441,495,9
3441,235,6
3441,295,3
3442,139,1
3442,165,1
3442,492,1
3442,216,1
3442,411,1
3443,392,8
3443,212,11
3443,286,11
3443,337,9
3443,59,11
3444,195,2
3444,33,11
3444,352,11
3444,70,6
3444,331,11
3445,477,10
3445,332,10
3445,136,0
3445,451,0
3445,344,0
3446,102,7
3446,22,2
3446,423,1
3446,38,4
3446,370,2
3447,120,6
3447,58,1
3447,437,3
3447,361,3
3447,199,7
3448,446,2
3448,341,5
3448,229,5
3448,59,5
3448,436,7
3449,197,3
3449,210,0
3449,230,0
3449,373,4
3449,325,0
3450,412,0
3450,215,8
3450,189,3
3450,130,0
3450,217,0
3451,452,10
3451,251,1
3451,110,7
3451,171,8
3451,487,1
3452,421,10
3452,432,5
3452,110,10
3452,387,10
3452,324,10
3453,221,8
3453,29,9
3453,27,9
3453,312,5
3453,394,2
3454,71,11
3454,439,8
3454,24,11
3454,252,11
3454,33,6
3455,12,3
3455,389,3
3455,258,5
3455,116,10
3455,56,7
3456,33,6
3456,411,4
3456,398,10
3456,383,8
3456,55,7
3457,180,5
3457,39,3
3457,327,7
3457,19,11
3457,16,11
3458,86,2
3458,408,3
3458,437,10
3458,304,3
3458,315,10
3459,7,5
3459,332,5
3459,43,5
3459,272,3
3459,289,5
3460,318,7
3460,420,0
3460,475,0
3460,109,0
3461,383,6
3461,320,4
3461,208,6
3461,386,6
3461,21,6
3462,206,6
3462,145,4
3462,309,2
3462,335,8
3462,163,3
3463,396,8
3463,168,8
3463,371,8
3463,488,8
3463,395,8
3464,167,6
3464,158,7
3464,428,11
3464,1,6
3464,214,11
3465,48,0
3465,455,0
3465,133,0
3465,0,0
3465,457,0
3466,458,2
3466,133,11
3466,379,8
3466,494,11
3466,4,4
3467,134,4
3467,313,4
3467,318,1
3467,455,4
3467,61,8
3468,51,0
3468,91,0
3468,482,0
3468,225,3
3468,34,1
3469,83,11
3469,404,0
3469,321,11
3469,111,0
3469,19,0
3470,210,1
3470,61,4
3470,153,1
3470,275,11
3470,190,1
3471,62,2
3471,246,2
3471,419,3
3471,351,1
3471,460,2
3472,286,4
3472,175,7
3472,475,4
3472,392,5
3472,298,4
3473,238,1
3473,286,1
3473,439,1
3473,453,0
3473,127,8
3474,382,2
3474,150,11
3474,88,11
3474,248,11
3474,222,1
3475,150,9
3475,317,4
3475,70,8
3475,93,5
3475,315,10
3476,30,7
3476,185,6
3476,302,2
3476,306,7
3476,224,6
3477,437,9
3477,194,9
3477,334,9
3477,17,9
3477,290,2
3478,318,6
3478,166,6
3478,39,6
3478,111,5
3478,123,6
3479,378,8
3479,389,1
3479,316,1
3479,261,1
3479,198,1
3480,92,1
3480,374,11
3480,361,5
3480,490,1
3480,464,11
3481,147,0
3481,499,6
3481,410,6
3481,72,6
3481,156,6
3482,286,8
3482,307,4
3482,243,8
3482,94,0
3482,399,0
3483,352,6
3483,86,2
3483,387,2
3483,453,2
3483,6,2
3484,338,8
3484,147,8
3484,11,7
3484,78,8
3484,218,8
3485,198,5
3485,113,5
3485,438,2
3485,486,5
3485,125,5
3486,159,2
3486,247,0
3486,283,11
3486,357,6
3486,68,3
3487,59,0
3487,262,9
3487,146,9
3487,288,6
3487,277,2
3488,172,8
3488,145,9
3488,476,4
3488,489,2
3488,455,8
3489,94,2
3489,354,2
3489,164,2
3489,272,6
3489,334,4
3490,19,6
3490,410,6
3490,396,6
3490,56,6
3490,14,6
3491,69,1
3491,367,5
3491,260,0
3491,234,3
3491,8,0
3492,166,11
3492,251,11
3492,3,3
3492,148,6
3492,387,11
3493,15,9
3493,211,11
3493,331,9
3493,352,9
3493,482,4
3494,366,4
3494,408,7
3494,95,7
3494,5,7
3494,188,7
3495,272,6
3495,239,2
3495,169,2
3495,54,6
3495,233,4
3496,90,11
3496,47,6
3496,84,4
3496,463,11
3496,110,9
3497,181,2
3497,252,2
3497,447,2
3497,203,6
3497,187,7
3498,497,5
3498,448,6
3498,108,2
3498,332,1
3498,146,7
3499,335,6
3499,64,5
3499,475,9
3499,16,8
3499,5,0
3500,74,9
3500,248,9
3500,365,0
3500,28,9
3500,309,9
3501,177,8
3501,296,5
3501,466,8
3501,207,8
3501,30,2
3502,373,8
3502,292,2
3502,114,9
3502,284,7
3502,248,8
3503,252,0
3503,322,3
3503,15,2
3503,458,3
3503,418,3
3504,474,4
3504,439,6
3504,190,10
3504,77,7
3504,354,10
3505,340,2
3505,462,4
3505,228,4
3505,430,1
3505,356,2
3506,89,11
3506,389,11
3506,16,11
3506,270,11
3506,441,11
3507,452,9
3507,294,9
3507,378,3
3507,158,0
3507,19,2
3508,320,4
3508,486,9
3508,20,8
3508,7,2
3508,474,8
3509,363,8
3509,457,6
3509,477,10
3509,425,6
3509,258,11
3510,201,6
3510,165,10
3510,29,10
3510,382,10
3510,341,10
3511,110,2
3511,268,5
3511,462,3
3511,87,10
3511,28,8
3512,5,1
3512,427,9
3512,379,1
3512,36,1
3512,359,1
3513,292,1
3513,29,0
3513,130,11
3513,252,6
3513,87,0
3514,470,7
3514,37,4
3514,274,9
3514,369,8
3514,257,8
3515,39,7
3515,37,0
3515,144,7
3515,272,7
3515,120,7
3516,37,5
3516,451,5
3516,76,5
3516,338,5
3516,33,4
3517,363,2
3517,400,1
3517,261,6
3517,349,9
3517,1,6
3518,160,9
3518,275,5
3518,274,3
3518,309,4
3518,95,3
3519,301,10
3519,93,8
3519,24,7
3519,289,10
3519,30,4
3520,82,11
3520,153,1
3520,43,4
3520,107,4
3520,497,5
3521,335,8
3521,278,8
3521,413,9
3521,390,9
3521,65,9
3522,197,10
3522,76,0
3522,220,3
3522,475,3
3522,393,3
3523,290,6
3523,397,1
3523,494,7
3523,457,3
3523,159,6
3524,493,7
3524,488,0
3524,163,10
3524,413,7
3524,51,7
3525,486,10
3525,33,10
3525,410,10
3525,359,8
3525,487,10
3526,253,10
3526,478,8
3526,286,11
3526,220,11
3526,165,6
3527,340,10
3527,6,10
3527,493,2
3527,253,8
3527,363,10
3528,469,1
3528,461,10
3528,353,10
3528,9,11
3528,4,10
3529,496,6
3529,368,11
3529,20,11
3529,236,6
3529,173,1
3530,208,10
3530,97,4
3530,14,4
3530,403,11
3530,98,2
3531,76,3
3531,310,3
3531,275,7
3531,452,3
3531,43,3
3532,102,4
3532,237,3
3532,226,3
3532,228,3
3533,310,10
3533,226,10
3533,174,11
3533,375,7
3533,140,7
3534,419,9
3534,104,1
3534,190,1
3534,123,1
3534,462,3
3535,181,0
3535,112,9
3535,176,8
3535,286,3
3535,21,9
3536,53,8
3536,219,8
3536,93,0
3536,481,2
3536,333,8
3537,347,11
3537,251,4
3537,474,6
3537,356,2
3537,453,11
3538,332,5
3538,119,5
3538,147,9
3538,106,5
3538,61,5
3539,250,0
3539,137,7
3539,367,0
3539,201,1
3539,164,9
3540,313,11
3540,240,1
3540,124,6
3540,487,6
3540,328,7
3541,245,9
3541,113,9
3541,354,9
3541,57,5
3541,335,8
3542,278,8
3542,125,2
3542,367,3
3542,69,0
3543,201,0
3543,342,0
3543,459,0
3543,112,0
3543,96,11
3544,109,8
3544,219,5
3544,211,10
3544,367,5
3545,485,5
3545,371,9
3545,188,9
3545,437,9
3545,285,9
3546,425,1
3546,239,9
3546,463,6
3546,192,2
3546,433,7
3547,396,4
3547,109,3
3547,154,10
3547,499,4
3547,410,4
3548,257,9
3548,200,8
3548,326,8
3548,436,8
3548,70,6
3549,121,11
3549,456,10
3549,484,3
3549,14,11
3549,258,3
3550,298,1
3550,21,8
3550,61,7
3550,84,3
3550,141,11
3551,337,9
3551,131,3
3551,112,11
3551,472,3
3551,38,0
3552,378,3
3552,499,6
3552,318,10
3552,460,4
3552,305,4
3553,80,10
3553,4,1
3553,332,1
3553,16,9
3553,78,1
3554,236,8
3554,412,5
3554,485,8
3554,476,8
3554,208,11
3555,187,8
3555,331,6
3555,12,2
3555,75,0
3555,3,9
3556,422,4
3556,438,4
3556,281,4
3556,170,4
3556,305,4
3557,339,3
3557,69,7
3557,428,8
3557,492,5
3557,73,5
3558,455,2
3558,15,8
3558,398,0
3558,26,2
3558,2,2
3559,412,1
3559,34,11
3559,408,8
3559,135,8
3559,129,8
3560,67,10
3560,494,9
3560,361,9
3560,451,9
3560,332,1
3561,176,6
3561,8,2
3561,175,2
3561,138,10
3561,446,2
3562,118,4
3562,121,4
3562,85,2
3562,30,8
3562,162,2
3563,379,0
3563,429,7
3563,195,7
3563,20,1
3563,394,7
3564,104,1
3564,105,0
3564,422,3
3564,63,8
3564,34,3
3565,4,4
3565,396,10
3565,450,0
3565,348,6
3565,66,10
3566,424,3
3566,3,10
3566,53,3
3566,443,10
3566,493,2
3567,456,11
3567,273,7
3567,161,11
3567,231,3
3567,241,11
3568,39,4
3568,343,3
3568,360,4
3568,138,4
3568,97,0
3569,135,1
3569,367,3
3569,159,11
3569,113,1
3569,306,1
3570,460,2
3570,86,5
3570,47,5
3570,32,11
3570,251,5
3571,0,5
3571,392,11
3571,287,7
3571,63,2
3571,306,3
3572,232,5
3572,164,4
3572,421,6
3572,52,10
3572,90,0
3573,263,7
3573,482,1
3573,138,0
3573,200,8
3573,22,1
3574,18,8
3574,388,2
3574,328,4
3574,205,10
3574,318,4
3575,169,11
3575,271,6
3575,230,0
3575,52,11
3575,293,6
3576,371,3
3576,399,11
3576,110,0
3576,236,0
3576,499,0
3577,299,7
3577,278,5
3577,366,3
3577,55,3
3577,385,3
3578,14,4
3578,358,4
3578,414,4
3578,191,4
3578,425,4
3579,325,8
3579,170,1
3579,250,7
3579,16,8
3579,429,6
3580,209,11
3580,430,4
3580,362,7
3580,364,8
3580,97,7
3581,0,1
3581,73,1
3581,363,1
3581,200,1
3581,310,5
3582,144,3
3582,345,3
3582,169,3
3582,267,0
3582,466,2
3583,169,9
3583,1,9
3583,161,10
3583,260,11
3583,203,5
3584,345,1
3584,326,7
3584,482,11
3584,103,3
3584,76,7
3585,217,7
3585,253,7
3585,419,7
3585,292,7
3586,496,9
3586,314,9
3586,300,9
3586,373,9
3586,185,9
3587,471,10
3587,439,4
3587,196,1
3587,133,2
3587,379,4
3588,418,1
3588,155,1
3588,81,1
3588,429,1
3588,279,11
3589,295,2
3589,421,0
3589,120,3
3589,106,6
3589,228,3
3590,114,10
3590,444,3
3590,489,6
3590,207,10
3590,487,7
3591,324,9
3591,70,8
3591,460,4
3591,289,5
3592,456,4
3592,100,3
3592,285,7
3592,324,3
3592,206,3
3593,441,2
3593,36,5
3593,236,5
3593,324,8
3593,63,9
3594,346,6
3594,405,6
3594,137,6
3594,495,6
3594,94,8
3595,308,4
3595,75,4
3595,304,8
3595,318,11
3595,254,1
3596,75,6
3596,365,5
3596,357,6
3596,489,10
3596,429,3
3597,284,6
3597,428,1
3597,1,11
3597,307,1
3597,394,5
3598,434,8
3598,302,9
3598,117,7
3598,347,10
3598,322,11
3599,199,6
3599,19,0
3599,210,6
3599,213,6
3600,167,9
3600,489,8
3600,236,2
3600,386,2
3600,371,2
3601,335,11
3601,90,7
3601,48,10
3601,458,11
3601,296,11
3602,264,4
3602,443,2
3602,419,2
3602,325,8
3602,415,8
3603,315,8
3603,362,5
3603,116,9
3603,137,9
3603,54,9
3604,209,2
3604,284,0
3604,203,5
3604,84,3
3604,397,7
3605,287,0
3605,397,6
3605,367,4
3605,374,4
3605,211,0
3606,11,8
3606,17,2
3606,10,8
3606,407,8
3606,354,8
3607,237,10
3607,226,8
3607,63,7
3607,441,8
3607,155,8
3608,440,0
3608,354,3
3608,298,2
3608,335,8
3608,374,3
3609,328,8
3609,193,3
3609,366,3
3609,489,3
3609,380,3
3610,78,2
3610,40,2
3610,459,2
3610,25,2
3610,137,2
3611,72,9
3611,110,11
3611,213,0
3611,301,5
3611,276,0
3612,48,1
3612,392,5
3612,26,0
3612,71,0
3612,130,2
3613,161,4
3613,449,4
3613,485,9
3613,66,9
3613,383,7
3614,58,4
3614,374,4
3614,433,5
3614,19,5
3614,248,2
3615,199,10
3615,225,0
3615,373,8
3615,426,8
3615,247,8
3616,440,3
3616,244,1
3616,114,1
3616,218,0
3616,494,3
3617,189,3
3617,124,3
3617,67,3
3617,212,3
3617,488,3
3618,452,2
3618,99,2
3618,102,2
3618,375,2
3618,325,7
3619,267,0
3619,235,10
3619,243,7
3619,144,9
3619,54,3
3620,136,8
3620,205,8
3620,82,8
3620,1,8
3620,395,8
3621,291,5
3621,323,4
3621,13,0
3621,185,3
3621,212,3
3622,149,1
3622,477,5
3622,395,1
3622,208,1
3622,167,1
3623,167,6
3623,453,5
3623,468,11
3623,388,6
3623,354,8
3624,393,4
3624,434,3
3624,386,9
3624,214,1
3624,55,8
3625,481,11
3625,462,9
3625,209,6
3625,244,3
3625,223,9
3626,179,3
3626,407,0
3626,354,10
3626,19,10
3626,182,3
3627,346,9
3627,261,1
3627,462,1
3627,226,4
3627,202,9
3628,78,8
3628,122,1
3628,113,10
3628,276,2
3628,491,9
3629,59,3
3629,488,2
3629,185,9
3629,261,2
3629,438,2
3630,241,7
3630,479,1
3630,329,8
3630,219,9
3630,119,8
3631,192,1
3631,324,1
3631,130,1
3631,85,7
3631,243,1
3632,361,8
3632,134,1
3632,147,6
3632,194,8
3632,445,8
3633,46,7
3633,381,11
3633,479,3
3633,374,5
3633,409,8
3634,441,10
3634,356,6
3634,359,10
3634,409,10
3634,73,11
3635,386,7
3635,416,5
3635,116,6
3635,459,4
3635,94,4
3636,360,5
3636,114,11
3636,175,10
3636,465,4
3636,487,11
3637,87,6
3637,252,6
3637,52,3
3637,297,6
3637,209,6
3638,267,7
3638,222,7
3638,404,5
3638,457,7
3638,71,10
3639,38,9
3639,46,7
3639,117,0
3639,274,3
3639,128,9
3640,375,2
3640,133,9
3640,345,10
3640,331,11
3640,434,9
3641,388,11
3641,337,7
3641,142,8
3641,209,3
3641,271,4
3642,204,10
3642,284,4
3642,39,2
3642,295,7
3642,221,10
3643,301,7
3643,474,0
3643,255,4
3643,43,7
3643,438,5
3644,362,0
3644,128,11
3644,310,4
3644,348,2
3644,293,5
3645,72,0
3645,341,0
3645,153,3
3645,63,0
3645,45,6
3646,463,2
3646,372,2
3646,14,3
3646,297,4
3646,279,7
3647,75,10
3647,230,9
3647,32,2
3647,65,0
3647,276,6
3648,474,8
3648,357,1
3648,220,0
3648,449,2
3648,146,3
3649,101,5
3649,126,6
3649,487,11
3649,470,2
3649,174,6
3650,243,1
3650,403,1
3650,76,0
3650,489,10
3650,253,1
3651,234,5
3651,24,5
3651,459,5
3651,197,5
3651,351,5
3652,380,4
3652,252,5
3652,196,5
3652,215,9
3652,87,6
3653,324,4
3653,394,11
3653,131,11
3653,427,11
3653,242,1
3654,354,1
3654,320,2
3654,453,1
3654,295,1
3654,167,1
3655,129,3
3655,18,3
3655,352,4
3655,306,4
3655,189,3
3656,487,11
3656,386,7
3656,255,0
3656,278,0
3656,206,7
3657,214,5
3657,308,1
3657,310,6
3657,334,1
3657,15,1
3658,468,1
3658,138,1
3658,384,1
3658,217,5
3658,357,4
3659,492,7
3659,478,7
3659,179,4
3659,458,1
3659,464,7
3660,180,10
3660,262,6
3660,297,10
3660,219,5
3660,371,11
3661,223,7
3661,456,4
3661,414,2
3661,395,2
3661,409,11
3662,276,5
3662,273,9
3662,214,8
3662,307,9
3662,456,9
3663,456,11
3663,97,1
3663,52,0
3663,43,11
3663,444,4
3664,233,10
3664,470,10
3664,333,6
3664,149,4
3664,4,10
3665,152,2
3665,3,7
3665,122,2
3665,118,7
3665,377,2
3666,193,2
3666,151,11
3666,205,9
3666,137,9
3666,245,9
3667,447,2
3667,400,7
3667,104,2
3667,35,0
3667,296,9
3668,402,7
3668,439,11
3668,123,8
3668,48,8
3668,358,1
3669,268,5
3669,368,1
3669,467,5
3669,226,5
3669,20,5
3670,205,4
3670,33,2
3670,42,9
3670,434,8
3670,172,3
3671,168,6
3671,68,1
3671,362,2
3671,262,6
3671,246,6
3672,490,9
3672,355,5
3672,375,8
3672,60,8
3672,85,0
3673,72,3
3673,24,6
3673,410,3
3673,134,3
3673,114,3
3674,446,7
3674,478,1
3674,15,8
3674,250,10
3675,237,8
3675,478,11
3675,306,3
3675,264,7
3675,214,6
3676,88,7
3676,297,4
3676,105,4
3676,230,4
3676,114,4
3677,151,9
3677,128,5
3677,79,5
3677,205,1
3677,163,9
3678,25,8
3678,68,9
3678,258,9
3678,368,5
3678,134,3
3679,61,2
3679,492,2
3679,421,2
3679,145,7
3679,46,10
3680,158,10
3680,159,3
3680,410,7
3680,320,3
3680,427,11
3681,270,2
3681,218,5
3681,418,2
3681,173,9
3681,492,2
3682,178,2
3682,263,6
3682,462,3
3682,134,2
3682,199,2
3683,397,8
3683,261,3
3683,452,3
3683,198,0
3683,349,2
3684,436,8
3684,395,4
3684,93,6
3684,48,8
3684,142,8
3685,91,1
3685,108,1
3685,393,7
3685,420,11
3685,286,3
3686,394,5
3686,16,7
3686,25,8
3686,314,11
3686,171,8
3687,293,9
3687,1,9
3687,15,9
3687,73,9
3687,363,9
3688,220,1
3688,389,11
3688,371,1
3688,103,11
3688,124,9
3689,302,4
3689,412,2
3689,255,6
3689,432,3
3689,238,7
3690,301,6
3690,264,10
3690,355,6
3690,378,6
3690,224,2
3691,14,2
3691,385,2
3691,89,6
3691,72,2
3691,277,5
3692,389,11
3692,85,11
3692,240,4
3692,493,5
3692,243,4
3693,55,1
3693,372,2
3693,155,0
3693,92,2
3693,184,1
3694,157,2
3694,401,2
3694,215,8
3694,49,2
3694,464,6
3695,181,5
3695,481,11
3695,287,11
3695,114,11
3695,307,11
3696,498,8
3696,179,8
3696,412,8
3696,199,9
3696,48,8
3697,232,7
3697,204,7
3697,481,7
3697,154,0
3697,139,0
3698,342,7
3698,452,1
3698,425,7
3698,455,3
3699,1,2
3699,474,3
3699,293,1
3699,411,4
3699,217,9
3700,98,4
3700,353,4
3700,421,0
3700,490,3
3700,403,4
3701,142,11
3701,197,11
3701,157,3
3701,317,0
3701,393,11
3702,478,3
3702,136,3
3702,3,3
3702,388,3
3702,289,5
3703,220,8
3703,497,10
3703,57,2
3703,380,6
3703,492,6
3704,483,6
3704,376,6
3704,350,9
3704,258,3
3704,16,4
3705,490,2
3705,13,8
3705,3,8
3705,300,7
3705,386,5
3706,77,10
3706,300,0
3706,30,11
3706,23,7
3706,419,7
3707,9,10
3707,4,10
3707,287,10
3707,95,10
3707,135,2
3708,306,9
3708,358,4
3708,498,6
3708,479,9
3708,477,9
3709,100,6
3709,408,5
3709,367,1
3709,421,5
3709,93,5
3710,21,2
3710,458,3
3710,197,10
3710,383,0
3710,401,4
3711,118,1
3711,209,0
3711,181,1
3711,371,1
3711,382,4
3712,466,9
3712,15,2
3712,405,2
3712,350,4
3712,232,4
3713,475,2
3713,208,0
3713,255,1
3713,201,7
3713,43,2
3714,336,0
3714,201,11
3714,9,5
3714,268,5
3714,35,5
3715,480,3
3715,81,3
3715,385,4
3715,284,8
3715,164,7
3716,129,3
3716,15,7
3716,1,7
3716,200,7
3716,73,2
3717,341,11
3717,474,5
3717,280,1
3717,410,1
3717,170,2
3718,489,7
3718,54,7
3718,377,7
3718,269,1
3718,127,7
3719,26,7
3719,46,8
3719,458,8
3719,28,7
3719,456,8
3720,85,7
3720,139,7
3720,74,4
3720,161,9
3720,186,9
3721,104,9
3721,134,6
3721,380,2
3721,313,9
3721,440,9
3722,259,7
3722,0,0
3722,96,6
3722,255,0
3722,220,5
3723,288,9
3723,191,8
3723,451,8
3723,33,8
3723,248,8
3724,39,11
3724,274,3
3724,455,11
3724,451,11
3724,243,11
3725,366,0
3725,151,0
3725,308,0
3725,261,0
3725,356,10
3726,210,7
3726,350,7
3726,198,7
3726,44,7
3726,474,7
3727,245,9
3727,363,6
3727,249,5
3727,51,5
3727,222,5
3728,26,4
3728,111,4
3728,215,9
3728,342,4
3728,108,5
3729,468,6
3729,422,0
3729,188,6
3729,398,4
3729,470,6
3730,152,2
3730,20,1
3730,425,0
3730,458,3
3730,328,6
3731,287,6
3731,136,6
3731,192,2
3731,482,6
3731,149,9
3732,30,5
3732,136,1
3732,178,9
3732,57,9
3732,453,1
3733,56,8
3733,433,8
3733,179,8
3733,11,8
3733,189,8
3734,434,4
3734,261,7
3734,199,6
3734,151,7
3734,197,10
3735,127,5
3735,145,3
3735,461,3
3735,132,3
3735,211,3
3736,119,0
3736,197,0
3736,52,1
3736,112,11
3736,139,0
3737,94,3
3737,258,11
3737,389,11
3737,213,9
3737,67,11
3738,297,1
3738,270,2
3738,110,9
3738,344,7
3738,298,2
3739,13,10
3739,267,9
3739,375,8
3739,211,9
3739,331,9
3740,86,7
3740,256,7
3740,418,7
3740,456,7
3740,321,7
3741,485,6
3741,213,6
3741,229,4
3741,176,4
3741,282,5
3742,19,4
3742,143,7
3742,74,9
3742,353,9
3742,208,9
3743,493,11
3743,403,9
3743,178,11
3743,423,10
3743,461,11
3744,22,1
3744,413,10
3744,322,10
3744,363,0
3744,282,10
3745,106,2
3745,475,0
3745,313,0
3745,92,7
3745,494,10
3746,94,3
3746,87,9
3746,81,3
3746,131,5
3746,208,8
3747,207,11
3747,106,5
3747,41,11
3747,206,11
3747,407,10
3748,9,11
3748,163,5
3748,243,1
3748,119,9
3748,165,4
3749,281,4
3749,161,1
3749,416,1
3749,111,10
3749,149,3
3750,371,2
3750,290,3
3750,90,9
3750,492,6
3750,465,9
3751,163,0
3751,489,3
3751,498,6
3751,96,4
3751,363,6
3752,382,5
3752,435,2
3752,199,4
3752,261,6
3752,424,0
3753,66,9
3753,212,2
3753,390,6
3753,339,9
3753,420,7
3754,325,4
3754,20,6
3754,392,2
3754,30,3
3754,413,2
3755,40,11
3755,336,11
3755,2,9
3755,468,7
3755,133,11
3756,93,8
3756,355,8
3756,443,8
3756,232,8
3756,10,2
3757,126,5
3757,116,2
3757,180,2
3757,195,6
3758,464,10
3758,207,5
3758,230,5
3758,209,5
3758,361,1
3759,417,8
3759,109,3
3759,79,3
3759,60,3
3759,416,7
3760,282,1
3760,198,1
3760,97,7
3760,420,1
3760,27,7
3761,105,5
3761,166,6
3761,66,6
3761,342,6
3761,93,1
3762,270,9
3762,205,3
3762,305,6
3762,437,6
3762,364,9
3763,183,5
3763,275,0
3763,141,0
3763,87,0
3763,220,0
3764,46,2
3764,170,3
3764,411,10
3764,350,2
3764,412,3
3765,435,2
3765,135,1
3765,145,0
3765,284,1
3765,375,11
3766,491,5
3766,223,0
3766,116,0
3766,187,9
3766,230,9
3767,129,8
3767,167,9
3767,248,7
3767,495,7
3767,226,7
3768,254,0
3768,365,0
3768,295,3
3768,72,3
3768,369,7
3769,214,5
3769,90,1
3769,187,9
3769,262,7
3769,443,4
3770,34,1
3770,187,2
3770,51,1
3770,286,10
3770,301,0
3771,298,11
3771,100,7
3771,306,10
3771,149,11
3771,326,3
3772,253,5
3772,268,6
3772,86,6
3772,22,10
3772,450,6
3773,308,10
3773,38,10
3773,45,0
3773,341,5
3773,118,10
3774,80,6
3774,481,0
3774,197,6
3774,171,6
3774,407,6
3775,123,0
3775,33,7
3775,120,3
3775,318,10
3775,281,0
3776,195,8
3776,149,1
3776,263,1
3776,446,7
3776,242,8
3777,225,6
3777,316,4
3777,428,6
3777,178,6
3777,143,2
3778,227,7
3778,286,11
3778,135,1
3778,95,5
3778,287,7
3779,252,7
3779,61,0
3779,351,7
3779,468,7
3779,473,7
3780,62,6
3780,327,6
3780,76,6
3780,414,9
3780,234,5
3781,256,2
3781,424,9
3781,324,11
3781,112,6
3781,113,9
3782,291,11
3782,92,4
3782,148,11
3782,183,11
3782,161,5
3783,266,6
3783,101,9
3783,354,6
3783,24,6
3783,188,7
3784,64,3
3784,99,6
3784,413,6
3784,233,8
3784,31,7
3785,40,2
3785,327,2
3785,409,7
3785,370,2
3785,156,10
3786,11,0
3786,266,9
3786,196,0
3786,393,6
3786,315,5
3787,399,1
3787,99,9
3787,370,9
3787,72,9
3787,319,9
3788,387,10
3788,440,1
3788,32,1
3788,12,1
3788,122,10
3789,449,8
3789,158,8
3789,78,8
3789,267,4
3789,486,9
3790,164,2
3790,449,9
3790,348,3
3790,331,9
3790,60,11
3791,491,4
3791,62,9
3791,194,9
3791,476,8
3791,458,9
3792,206,7
3792,179,6
3792,17,7
3792,342,2
3792,23,5
3793,365,1
3793,125,7
3793,22,1
3793,301,11
3793,237,4
3794,491,11
3794,397,8
3794,23,1
3794,253,8
3794,53,10
3795,113,2
3795,121,10
3795,413,5
3795,290,2
3795,24,2
3796,252,4
3796,446,4
3796,21,4
3796,65,4
3796,99,4
3797,333,4
3797,328,0
3797,411,0
3797,144,0
3797,103,0
3798,480,4
3798,76,0
3798,377,3
3798,407,3
3798,37,3
3799,36,2
3799,488,6
3799,209,10
3799,181,10
3799,236,10
3800,434,5
3800,485,7
3800,37,2
3800,399,6
3800,82,3
3801,21,6
3801,50,6
3801,476,6
3801,89,1
3801,159,11
3802,242,6
3802,264,8
3802,327,5
3802,127,5
3802,442,5
3803,439,10
3803,216,8
3803,482,7
3803,419,9
3803,358,7
3804,1,6
3804,381,6
3804,178,6
3804,352,6
3804,401,6
3805,37,5
3805,170,8
3805,492,5
3805,18,1
3805,272,5
3806,84,11
3806,79,4
3806,210,3
3806,145,3
3806,163,10
3807,461,7
3807,82,10
3807,373,7
3807,161,0
3808,227,7
3808,38,5
3808,258,2
3808,141,8
3808,233,0
3809,306,10
3809,339,0
3809,258,1
3809,407,3
3809,367,7
3810,15,7
3810,8,3
3810,129,3
3810,40,3
3810,371,5
3811,93,10
3811,250,9
3811,257,0
3811,7,9
3811,245,9
3812,419,3
3812,395,7
3812,439,3
3812,208,3
3812,474,0
3813,152,11
3813,402,11
3813,476,4
3813,419,7
3813,468,9
3814,454,4
3814,258,1
3814,367,1
3814,403,10
3814,491,0
3815,103,3
3815,348,5
3815,41,0
3815,428,3
3815,114,10
3816,487,1
3816,359,5
3816,322,6
3816,189,2
3816,167,2
3817,163,0
3817,42,0
3817,127,10
3817,313,0
3817,52,10
3818,294,7
3818,476,4
3818,314,7
3818,275,3
3818,283,6
3819,464,8
3819,385,1
3819,241,11
3819,443,10
3819,212,1
3820,432,2
3820,328,8
3820,181,1
3820,154,1
3820,42,0
3821,414,9
3821,270,3
3821,372,0
3821,119,0
3821,34,8
3822,405,8
3822,49,8
3822,257,8
3822,332,7
3822,282,8
3823,112,9
3823,163,4
3823,483,4
3823,157,4
3823,139,4
3824,495,5
3824,98,1
3824,65,4
3824,210,4
3824,457,4
3825,330,5
3825,156,11
3825,423,11
3825,321,11
3825,307,8
3826,111,1
3826,338,6
3826,28,4
3826,212,2
3826,298,1
3827,27,4
3827,117,4
3827,474,4
3827,127,4
3827,248,3
3828,91,2
3828,296,2
3828,399,3
3828,489,2
3828,292,2
3829,18,9
3829,269,11
3829,237,10
3829,340,10
3829,140,10
3830,47,8
3830,151,7
3830,253,8
3830,181,6
3830,301,8
3831,76,11
3831,363,11
3831,239,10
3831,237,11
3831,170,10
3832,432,2
3832,237,9
3832,446,10
3832,107,5
3832,435,8
3833,153,3
3833,353,3
3833,461,0
3833,92,3
3833,411,0
3834,97,11
3834,353,5
3834,413,2
3834,373,0
3834,463,11
3835,61,10
3835,178,3
3835,105,9
3835,367,6
3835,31,3
3836,90,8
3836,105,8
3836,374,3
3836,108,8
3836,300,2
3837,115,8
3837,158,9
3837,289,4
3837,129,6
3837,165,3
3838,120,2
3838,144,4
3838,205,5
3838,496,0
3838,393,4
3839,75,9
3839,299,10
3839,167,2
3839,467,2
3839,409,10
3840,27,0
3840,20,6
3840,134,2
3840,436,0
3840,51,0
3841,302,9
3841,130,9
3841,164,0
3841,470,9
3841,191,9
3842,138,11
3842,58,2
3842,343,3
3842,93,11
3842,10,3
3843,258,0
3843,179,11
3843,2,2
3843,80,0
3843,159,11
3844,457,0
3844,144,9
3844,497,5
3844,97,4
3844,396,9
3845,114,9
3845,95,11
3845,92,11
3845,21,7
3845,420,9
3846,57,2
3846,421,8
3846,440,9
3846,355,9
3846,437,2
3847,471,6
3847,134,4
3847,381,5
3847,276,5
3847,323,2
3848,198,10
3848,285,0
3848,444,7
3848,353,0
3848,275,0
3849,317,4
3849,276,4
3849,235,4
3849,303,5
3849,421,4
3850,321,1
3850,156,3
3850,331,10
3850,234,7
3850,210,11
3851,118,9
3851,363,9
3851,271,9
3851,347,9
3851,312,4
3852,385,1
3852,418,7
3852,51,4
3852,9,8
3852,430,0
3853,403,9
3853,389,9
3853,379,1
3853,467,6
3853,111,6
3854,334,10
3854,277,10
3854,79,1
3854,22,4
3854,329,10
3855,51,4
3855,134,4
3855,255,9
3855,185,4
3855,297,10
3856,429,9
3856,354,1
3856,233,4
3856,434,7
3856,273,11
3857,380,8
3857,149,10
3857,439,4
3857,202,10
3857,54,10
3858,381,0
3858,419,5
3858,100,3
3858,297,11
3858,323,1
3859,251,3
3859,413,8
3859,323,4
3859,456,2
3859,481,4
3860,42,4
3860,371,2
3860,497,4
3860,321,2
3860,366,2
3861,70,3
3861,152,5
3861,1,5
3861,157,3
3861,228,6
3862,359,11
3862,473,11
3862,17,11
3862,452,11
3862,93,11
3863,55,1
3863,249,1
3863,428,1
3863,135,1
3863,498,1
3864,135,3
3864,138,3
3864,490,2
3864,126,6
3864,234,8
3865,141,8
3865,412,2
3865,481,2
3865,38,2
3865,263,6
3866,231,9
3866,272,9
3866,158,11
3866,347,5
3866,369,9
3867,483,11
3867,498,9
3867,441,0
3867,35,8
3867,279,11
3868,190,7
3868,42,6
3868,377,6
3868,446,10
3868,68,11
3869,47,5
3869,274,10
3869,329,11
3869,172,10
3869,363,10
3870,8,11
3870,382,11
3870,150,11
3870,30,11
3870,343,11
3871,316,1
3871,499,9
3871,188,1
3871,100,1
3871,46,1
3872,141,6
3872,334,6
3872,415,11
3872,36,7
3872,29,3
3873,312,6
3873,29,3
3873,374,8
3873,438,3
3873,227,3
3874,181,7
3874,276,7
3874,391,7
3874,344,1
3874,477,7
3875,197,8
3875,188,7
3875,286,6
3875,187,7
3875,262,6
3876,218,6
3876,53,3
3876,361,6
3876,284,6
3876,340,6
3877,268,11
3877,193,2
3877,293,11
3877,275,11
3877,390,1
3878,276,7
3878,407,9
3878,484,7
3878,203,9
3878,499,3
3879,32,4
3879,353,4
3879,306,4
3879,389,4
3879,183,1
3880,28,6
3880,272,8
3880,40,8
3880,67,4
3880,35,4
3881,221,7
3881,397,9
3881,298,6
3881,261,9
3881,185,0
3882,6,3
3882,17,6
3882,132,6
3882,303,6
3882,152,6
3883,229,8
3883,287,0
3883,3,2
3883,11,0
3883,330,2
3884,18,4
3884,300,2
3884,243,3
3884,316,0
3884,351,9
3885,412,9
3885,190,2
3885,455,2
3885,144,1
3885,261,7
3886,456,9
3886,472,5
3886,170,9
3886,122,9
3886,382,9
3887,5,8
3887,21,3
3887,25,2
3887,257,4
3887,131,3
3888,438,7
3888,411,0
3888,7,1
3888,367,7
3888,424,4
3889,78,7
3889,300,0
3889,90,1
3889,150,1
3889,4,1
3890,344,11
3890,190,3
3890,153,4
3890,213,3
3890,167,9
3891,103,3
3891,213,6
3891,162,6
3891,72,6
3891,196,6
3892,315,0
3892,410,2
3892,362,2
3892,415,0
3893,115,11
3893,268,4
3893,491,8
3893,421,11
3893,125,3
3894,336,0
3894,441,4
3894,362,0
3894,203,1
3894,327,1
3895,72,0
3895,495,0
3895,459,0
3895,90,0
3895,325,0
3896,344,10
3896,105,3
3896,237,4
3896,149,4
3896,356,4
3897,215,10
3897,225,7
3897,426,7
3897,344,6
3897,353,7
3898,208,4
3898,230,4
3898,63,3
3898,356,4
3898,291,9
3899,260,4
3899,11,3
3899,219,3
3899,270,5
3899,116,0
3900,87,5
3900,479,4
3900,439,2
3900,366,11
3900,33,10
3901,372,7
3901,350,11
3901,361,7
3901,367,8
3901,92,10
3902,144,11
3902,117,11
3902,29,11
3902,125,7
3902,199,1
3903,309,9
3903,181,9
3903,480,9
3903,359,10
3903,394,9
3904,301,7
3904,211,7
3904,90,1
3904,295,3
3904,142,8
3905,166,5
3905,494,9
3905,394,0
3905,327,5
3905,150,5
3906,430,11
3906,105,1
3906,164,9
3906,64,9
3906,86,11
3907,77,7
3907,293,8
3907,128,1
3907,276,2
3907,467,9
3908,208,3
3908,22,9
3908,304,0
3908,296,7
3908,257,8
3909,7,6
3909,312,6
3909,123,6
3909,28,3
3909,267,3
3910,279,7
3910,433,11
3910,171,0
3910,296,7
3910,147,7
3911,210,6
3911,197,6
3911,171,6
3911,407,9
3911,414,3
3912,429,3
3912,190,3
3912,476,9
3912,192,3
3912,49,0
3913,353,2
3913,219,11
3913,445,1
3913,110,6
3913,400,9
3914,165,3
3914,66,4
3914,247,1
3914,420,7
3914,289,2
3915,62,2
3915,153,9
3915,480,2
3915,83,5
3915,145,2
3916,472,1
3916,290,8
3916,149,8
3916,307,2
3916,14,6
3917,85,5
3917,481,5
3917,22,3
3917,366,11
3917,435,5
3918,259,4
3918,138,10
3918,189,5
3918,151,11
3918,2,9
3919,208,6
3919,41,0
3919,267,0
3919,261,0
3919,134,0
3920,402,8
3920,123,6
3920,486,11
3920,36,5
3920,443,10
3921,123,2
3921,236,10
3921,408,10
3921,3,10
3921,421,10
3922,108,10
3922,206,8
3922,430,8
3922,76,3
3922,334,7
3923,86,4
3923,357,8
3923,403,4
3923,446,4
3923,204,6
3924,454,2
3924,143,2
3924,466,11
3924,147,2
3924,362,2
3925,219,1
3925,52,8
3925,286,4
3925,100,1
3925,19,11
3926,60,7
3926,356,2
3926,128,7
3926,68,5
3926,288,8
3927,60,7
3927,44,5
3927,125,8
3927,57,7
3927,33,7
3928,166,2
3928,276,2
3928,116,9
3928,405,2
3928,328,5
3929,194,4
3929,458,8
3929,469,4
3929,27,4
3929,378,9
3930,222,8
3930,194,8
3930,338,1
3930,411,8
3930,480,0
3931,259,2
3931,318,11
3931,84,9
3931,425,11
3931,403,11
3932,413,2
3932,61,2
3932,335,1
3932,197,9
3932,488,2
3933,375,0
3933,379,4
3933,345,11
3933,477,8
3933,313,7
3934,69,5
3934,54,6
3934,488,6
3934,41,6
3934,371,6
3935,486,7
3935,338,9
3935,65,9
3935,402,9
3935,450,0
3936,4,6
3936,8,4
3936,368,0
3936,97,3
3936,416,0
3937,307,11
3937,394,1
3937,233,11
3937,371,9
3937,106,5
3938,143,4
3938,297,7
3938,168,1
3938,95,1
3938,382,8
3939,442,7
3939,219,1
3939,244,0
3939,148,0
3939,311,7
3940,462,11
3940,226,2
3940,396,6
3940,184,6
3940,277,6
3941,471,2
3941,486,1
3941,289,1
3941,169,1
3941,252,0
3942,141,8
3942,406,4
3942,334,0
3942,478,1
3942,129,8
3943,152,1
3943,228,4
3943,372,7
3943,248,8
3943,472,5
3944,102,0
3944,240,9
3944,412,9
3944,426,9
3944,18,3
3945,323,4
3945,159,4
3945,338,1
3945,1,4
3945,469,4
3946,297,3
3946,373,3
3946,253,7
3946,216,3
3946,114,3
3947,431,7
3947,58,6
3947,16,10
3947,211,10
3947,307,7
3948,314,0
3948,430,4
3948,175,2
3948,240,2
3948,23,2
3949,440,5
3949,242,5
3949,108,8
3949,4,0
3949,256,5
3950,102,8
3950,244,2
3950,239,2
3950,441,8
3950,444,2
3951,368,2
3951,459,8
3951,132,11
3951,377,8
3951,435,9
3952,480,4
3952,32,10
3952,370,5
3952,84,4
3952,314,4
3953,218,7
3953,186,0
3953,148,1
3953,316,10
3953,435,1
3954,394,4
3954,218,6
3954,401,4
3954,229,4
3954,213,9
3955,110,7
3955,133,0
3955,476,2
3955,221,8
3955,463,0
3956,206,6
3956,322,6
3956,447,6
3956,135,2
3956,319,6
3957,103,3
3957,75,6
3957,288,7
3957,121,6
3958,212,4
3958,419,10
3958,144,0
3958,231,5
3958,178,4
3959,253,10
3959,356,1
3959,228,1
3959,405,1
3959,399,6
3960,155,5
3960,474,5
3960,391,4
3960,445,5
3960,472,5
3961,388,0
3961,224,0
3961,109,7
3961,358,0
3961,494,5
3962,492,9
3962,457,9
3962,58,1
3962,350,5
3962,254,11
3963,128,11
3963,80,7
3963,266,9
3963,150,3
3963,271,1
3964,352,10
3964,347,1
3964,104,1
3964,52,1
3964,243,1
3965,65,5
3965,189,7
3965,91,2
3965,493,2
3965,45,3
3966,323,2
3966,460,10
3966,75,9
3966,57,6
3966,70,0
3967,155,4
3967,195,0
3967,434,4
3967,122,4
3967,160,4
3968,127,9
3968,0,9
3968,209,9
3968,288,5
3968,487,6
3969,134,3
3969,398,1
3969,180,9
3969,81,9
3969,294,11
3970,215,7
3970,190,6
3970,403,3
3970,41,9
3970,436,7
3971,276,9
3971,402,3
3971,262,0
3971,137,2
3971,141,7
3972,32,9
3972,440,9
3972,164,9
3972,175,9
3972,409,10
3973,112,4
3973,249,0
3973,84,11
3973,295,2
3973,278,1
3974,201,2
3974,65,7
3974,394,7
3974,371,3
3974,448,0
3975,324,2
3975,294,0
3975,498,0
3975,373,1
3975,397,0
3976,177,11
3976,107,8
3976,423,3
3976,257,3
3976,234,5
3977,392,3
3977,235,8
3977,469,1
3977,464,2
3977,473,10
3978,389,0
3978,124,7
3978,392,5
3978,351,5
3978,72,10
3979,239,8
3979,143,0
3979,282,11
3979,119,8
3979,224,8
3980,199,11
3980,497,11
3980,316,2
3980,93,6
3980,170,6
3981,327,2
3981,410,2
3981,482,8
3981,42,2
3981,330,8
3982,412,3
3982,48,10
3982,423,10
3982,462,10
3982,446,10
3983,81,9
3983,28,7
3983,340,9
3983,302,8
3983,378,4
3984,161,9
3984,149,3
3984,292,7
3984,427,7
3984,296,5
3985,337,1
3985,102,1
3985,275,7
3985,449,1
3985,317,11
3986,90,5
3986,87,5
3986,10,10
3986,418,5
3986,269,5
3987,2,4
3987,295,5
3987,188,9
3987,444,9
3987,432,7
3988,282,6
3988,171,6
3988,82,6
3988,330,7
3988,63,6
3989,135,1
3989,171,9
3989,35,11
3989,212,4
3989,228,4
3990,268,9
3990,274,9
3990,258,9
3990,83,9
3990,7,6
3991,473,11
3991,354,6
3991,145,9
3991,279,7
3991,32,6
3992,51,5
3992,343,5
3992,440,5
3992,185,10
3992,328,5
3993,374,4
3993,255,8
3993,474,8
3993,232,2
3993,472,3
3994,68,1
3994,132,1
3994,260,9
3994,423,2
3994,272,9
3995,372,3
3995,3,2
3995,352,2
3995,396,2
3995,311,5
3996,304,8
3996,102,4
3996,477,2
3996,88,2
3996,45,3
3997,405,9
3997,279,4
3997,499,0
3997,380,9
3997,403,7
3998,18,2
3998,203,8
3998,21,0
3998,64,8
3998,319,6
3999,360,11
3999,332,8
3999,131,3
3999,498,10
3999,50,7
4000,42,7
4000,372,7
4000,290,7
4000,416,7
4000,403,7
4001,282,8
4001,460,0
4001,430,0
4001,152,2
4001,273,9
4002,478,6
4002,466,9
4002,283,0
4002,370,6
4002,130,0
4003,379,5
4003,461,11
4003,315,11
4003,454,11
4003,149,5
4004,64,6
4004,358,11
4004,270,2
4004,159,5
4004,101,1
4005,179,9
4005,282,9
4005,336,9
4005,296,9
4005,107,9
4006,147,10
4006,31,10
4006,243,3
4006,26,10
4006,477,7
4007,150,10
4007,487,6
4007,100,10
4007,106,9
4007,63,8
4008,437,5
4008,81,6
4008,388,5
4008,484,5
4008,448,3
4009,458,3
4009,358,6
4009,203,9
4009,149,3
4009,399,3
4010,311,10
4010,363,3
4010,444,7
4010,459,10
4010,52,4
4011,187,8
4011,370,11
4011,360,5
4011,117,8
4011,354,9
4012,254,8
4012,374,9
4012,148,8
4012,498,8
4012,170,8
4013,124,3
4013,355,5
4013,430,9
4013,314,2
4013,322,3
4014,432,6
4014,333,3
4014,238,0
4014,363,3
4014,366,0
4015,260,5
4015,486,4
4015,295,5
4015,372,6
4015,122,5
4016,487,2
4016,31,3
4016,439,8
4016,362,8
4016,252,8
4017,132,7
4017,260,7
4017,50,1
4017,75,3
4017,68,9
4018,121,9
4018,213,1
4018,169,2
4018,44,7
4018,27,6
4019,99,3
4019,412,0
4019,153,9
4019,318,6
4019,238,9
4020,425,6
4020,203,0
4020,77,0
4020,386,8
4020,294,0
4021,303,1
4021,160,7
4021,176,11
4021,421,7
4021,158,7
4022,60,2
4022,378,2
4022,251,2
4022,140,11
4022,180,2
4023,355,10
4023,105,7
4023,377,7
4023,195,8
4023,135,7
4024,42,9
4024,414,9
4024,329,9
4024,288,8
4024,466,11
4025,411,10
4025,106,10
4025,340,5
4025,164,6
4025,431,10
4026,275,5
4026,491,2
4026,151,5
4026,496,9
4026,277,5
4027,466,10
4027,126,4
4027,481,10
4027,173,0
4027,323,10
4028,152,5
4028,28,5
4028,253,9
4028,284,5
4028,487,5
4029,249,7
4029,358,2
4029,45,6
4029,201,6
4029,182,7
4030,46,1
4030,119,5
4030,374,4
4030,240,6
4030,178,8
4031,0,2
4031,159,0
4031,92,0
4031,58,8
4031,320,5
4032,457,9
4032,404,9
4032,59,8
4032,294,9
4032,25,1
4033,76,4
4033,203,9
4033,475,8
4033,255,6
4033,205,1
4034,232,3
4034,147,10
4034,116,6
4034,36,3
4034,403,9
4035,381,4
4035,398,10
4035,105,6
4035,207,6
4035,454,4
4036,419,6
4036,351,6
4036,138,7
4036,110,8
4036,489,8
4037,18,9
4037,306,1
4037,310,2
4037,394,2
4037,308,2
4038,54,2
4038,140,2
4038,26,5
4038,114,2
4038,287,2
4039,495,8
4039,33,6
4039,306,1
4039,286,3
4039,12,11
4040,446,1
4040,147,7
4040,379,1
4040,495,1
4040,165,1
4041,119,9
4041,493,7
4041,149,2
4041,461,0
4041,50,8
4042,320,4
4042,186,4
4042,185,0
4042,156,4
4042,262,7
4043,100,2
4043,387,5
4043,249,5
4043,381,5
4043,493,5
4044,467,6
4044,322,6
4044,41,5
4044,252,6
4044,399,6
4045,495,9
4045,26,9
4045,393,8
4045,450,0
4045,99,3
4046,372,3
4046,299,9
4046,406,4
4046,331,9
4046,271,9
4047,485,5
4047,483,9
4047,297,9
4047,459,10
4047,172,6
4048,317,7
4048,399,7
4048,334,4
4048,119,7
4048,131,0
4049,224,10
4049,266,10
4049,284,11
4049,141,1
4049,432,11
4050,483,5
4050,445,8
4050,327,5
4050,311,1
4050,191,5
4051,43,4
4051,99,9
4051,233,6
4051,105,3
4051,257,4
4052,263,5
4052,486,8
4052,478,5
4052,399,10
4052,111,9
4053,181,4
4053,292,7
4053,180,2
4053,36,7
4053,286,3
4054,414,2
4054,279,2
4054,134,2
4054,210,2
4054,305,2
4055,310,11
4055,220,11
4055,91,11
4055,308,11
4055,160,4
4056,468,0
4056,448,0
4056,272,0
4056,196,0
4056,240,11
4057,42,11
4057,487,5
4057,259,1
4057,12,0
4057,347,5
4058,10,11
4058,497,11
4058,369,11
4058,408,11
4058,384,11
4059,258,6
4059,257,6
4059,463,6
4059,72,6
4059,433,1
4060,117,5
4060,7,7
4060,245,7
4060,92,7
4060,279,7
4061,196,9
4061,199,1
4061,398,4
4061,210,1
4062,138,3
4062,425,4
4062,489,0
4062,332,4
4062,152,4
4063,329,5
4063,50,5
4063,46,6
4063,459,5
4063,104,5
4064,247,4
4064,284,10
4064,368,2
4064,156,10
4064,343,11
4065,186,1
4065,175,1
4065,214,1
4065,210,1
4065,401,1
4066,491,10
4066,2,10
4066,210,10
4066,145,10
4066,345,9
4067,479,9
4067,377,6
4067,390,0
4067,312,4
4067,69,4
4068,156,7
4068,230,3
4068,247,7
4068,378,8
4068,367,7
4069,353,8
4069,269,8
4069,278,8
4069,484,7
4069,132,2
4070,192,4
4070,320,2
4070,329,4
4070,160,4
4070,491,5
4071,171,7
4071,396,7
4071,330,7
4071,354,1
4071,164,5
4072,59,10
4072,235,10
4072,304,0
4072,489,3
4072,343,10
4073,63,10
4073,417,6
4073,274,6
4073,4,9
4073,22,6
4074,304,6
4074,338,3
4074,230,0
4074,409,5
4074,404,8
4075,327,5
4075,123,0
4075,388,2
4075,56,5
4075,159,5
4076,148,11
4076,163,3
4076,200,11
4076,494,9
4076,83,5
4077,154,11
4077,5,11
4077,330,2
4077,8,11
4078,309,4
4078,329,2
4078,346,2
4078,448,2
4078,303,2
4079,329,2
4079,393,2
4079,478,11
4079,112,0
4079,316,1
4080,25,3
4080,354,5
4080,348,2
4080,496,5
4080,77,8
4081,494,0
4081,66,0
4081,62,0
4081,113,0
4081,15,11
4082,366,1
4082,265,2
4082,157,2
4082,163,9
4082,343,6
4083,313,1
4083,363,6
4083,366,8
4083,139,10
4083,66,6
4084,485,0
4084,224,8
4084,470,10
4084,241,10
4084,250,10
4085,69,0
4085,330,9
4085,36,6
4085,34,3
4085,443,6
4086,496,2
4086,305,6
4086,203,6
4086,147,6
4086,483,6
4087,200,11
4087,299,9
4087,339,9
4087,285,3
4087,269,9
4088,169,2
4088,342,2
4088,375,10
4088,247,6
4088,171,2
4089,384,11
4089,42,5
4089,41,10
4089,347,1
4089,390,4
4090,194,1
4090,127,7
4090,95,2
4090,120,7
4090,33,7
4091,247,11
4091,409,5
4091,491,4
4091,347,10
4091,398,4
4092,131,7
4092,95,7
4092,353,7
4092,272,0
4092,6,7
4093,271,4
4093,105,4
4093,81,4
4093,131,4
4093,262,4
4094,272,0
4094,365,10
4094,321,1
4094,347,0
4094,123,0
4095,413,3
4095,496,6
4095,111,2
4095,101,4
4095,455,6
4096,474,3
4096,163,10
4096,276,6
4096,419,9
4096,166,8
4097,346,9
4097,285,9
4097,185,9
4097,309,10
4097,350,9
4098,490,2
4098,234,5
4098,138,4
4098,437,8
4098,498,0
4099,351,4
4099,407,11
4099,447,11
4099,185,7
4099,263,11
4100,229,3
4100,281,4
4100,330,10
4100,381,4
4100,376,4
4101,224,1
4101,124,3
4101,439,1
4101,480,7
4101,296,7
4102,276,0
4102,261,0
4102,223,11
4102,40,0
4102,412,0
4103,78,6
4103,426,6
4103,446,7
4103,463,1
4103,322,2
4104,285,7
4104,300,2
4104,303,7
4104,447,7
4104,175,7
4105,399,3
4105,321,3
4105,99,8
4105,62,3
4105,312,0
4106,129,1
4106,453,1
4106,193,0
4106,115,1
4106,286,8
4107,332,8
4107,271,1
4107,472,8
4107,306,1
4107,150,1
4108,97,6
4108,490,10
4108,478,9
4108,395,7
4108,319,10
4109,46,7
4109,200,9
4109,355,9
4109,420,9
4109,261,9
4110,479,3
4110,260,2
4110,319,0
4110,154,0
4110,324,0
4111,68,2
4111,269,2
4111,218,8
4111,14,2
4111,38,5
4112,220,5
4112,231,11
4112,59,11
4112,483,11
4112,114,4
4113,275,8
4113,371,5
4113,170,5
4113,0,4
4113,338,5
4114,171,5
4114,187,3
4114,225,5
4114,494,2
4114,315,5
4115,354,0
4115,488,1
4115,406,0
4115,438,6
4115,121,0
4116,437,0
4116,179,8
4116,295,8
4116,128,2
4116,33,10
4117,4,9
4117,26,5
4117,253,5
4117,220,5
4117,120,3
4118,69,0
4118,65,3
4118,354,0
4118,428,10
4118,56,0
4119,136,0
4119,308,0
4119,415,0
4119,113,0
4119,279,0
4120,88,7
4120,447,7
4120,299,11
4120,291,7
4120,112,8
4121,339,4
4121,213,6
4121,230,4
4121,32,4
4121,205,4
4122,248,2
4122,4,1
4122,357,9
4122,472,1
4122,240,3
4123,257,2
4123,176,2
4123,437,4
4123,444,9
4123,431,2
4124,475,1
4124,381,5
4124,173,5
4124,163,5
4124,14,10
4125,481,9
4125,378,9
4125,223,0
4125,389,10
4125,109,0
4126,71,1
4126,271,9
4126,247,1
4126,149,4
4126,363,10
4127,246,2
4127,387,2
4127,232,11
4127,259,2
4127,194,2
4128,124,6
4128,26,8
4128,80,8
4128,462,6
4128,366,4
4129,183,7
4129,216,2
4129,452,7
4129,480,7
4129,150,8
4130,215,6
4130,443,7
4130,237,5
4130,143,2
4130,73,3
4131,137,5
4131,309,4
4131,149,7
4131,394,4
4131,383,6
4132,73,10
4132,324,9
4132,210,3
4132,250,11
4132,298,3
4133,443,9
4133,288,8
4133,103,4
4133,148,4
4133,371,6
4134,59,2
4134,422,11
4134,26,2
4134,346,1
4134,111,4
4135,407,3
4135,388,3
4135,300,7
4135,5,10
4135,346,3
4136,102,4
4136,96,0
4136,403,11
4136,393,4
4136,364,8
4137,85,10
4137,467,2
4137,259,3
4137,141,6
4137,223,3
4138,442,0
4138,220,2
4138,144,0
4138,407,11
4138,431,10
4139,8,6
4139,67,3
4139,60,5
4139,134,1
4139,272,7
4140,94,7
4140,374,3
4140,228,3
4140,40,3
4140,482,3
4141,125,1
4141,187,4
4141,119,8
4141,375,6
4141,43,8
4142,59,4
4142,47,2
4142,71,8
4142,418,0
4142,346,4
4143,276,8
4143,258,5
4143,154,6
4143,142,7
4143,16,4
4144,194,2
4144,458,6
4144,421,0
4144,129,11
4144,454,0
4145,317,7
4145,453,7
4145,256,0
4145,163,1
4145,419,6
4146,373,11
4146,107,2
4146,378,1
4146,466,2
4146,353,0
4147,235,9
4147,279,6
4147,118,7
4147,5,1
4147,276,1
4148,246,0
4148,9,10
4148,391,0
4148,173,7
4148,1,6
4149,357,9
4149,329,8
4149,0,4
4149,344,8
4149,483,9
4150,275,2
4150,340,7
4150,156,8
4150,174,8
4150,313,2
4151,125,2
4151,498,8
4151,25,9
4151,275,9
4151,303,4
4152,486,2
4152,449,2
4152,91,2
4152,208,8
4152,367,9
4153,265,9
4153,416,4
4153,202,8
4153,342,9
4153,477,0
4154,0,5
4154,16,8
4154,97,1
4154,63,2
4154,102,11
4155,219,8
4155,183,7
4155,264,11
4155,455,2
4155,480,2
4156,485,1
4156,196,1
4156,95,1
4156,427,1
4156,9,8
4157,461,4
4157,298,3
4157,97,1
4157,154,1
4157,253,3
4158,458,11
4158,129,11
4158,460,3
4158,49,3
4158,169,11
4159,190,10
4159,58,9
4159,111,0
4159,301,4
4159,312,5
4160,234,8
4160,390,5
4160,3,11
4160,17,5
4160,494,3
4161,65,3
4161,163,4
4161,86,4
4161,280,1
4161,186,0
4162,342,6
4162,409,9
4162,364,10
4162,10,0
4162,211,5
4163,291,7
4163,349,5
4163,403,0
4163,444,6
4163,493,0
4164,250,5
4164,183,8
4164,20,6
4164,493,3
4164,180,11
4165,387,0
4165,267,0
4165,324,5
4165,347,10
4165,272,0
4166,441,8
4166,281,9
4166,327,9
4166,297,8
4166,201,7
4167,423,5
4167,266,5
4167,219,5
4167,453,4
4167,174,3
4168,59,8
4168,289,0
4168,481,0
4168,211,0
4168,209,1
4169,457,10
4169,368,10
4169,154,10
4169,422,8
4169,191,10
4170,237,11
4170,401,11
4170,251,7
4170,488,7
4170,400,11
4171,236,10
4171,493,5
4171,130,4
4171,90,5
4171,140,4
4172,435,5
4172,271,5
4172,326,5
4172,127,5
4172,257,11
4173,454,5
4173,368,7
4173,180,5
4173,383,5
4173,125,0
4174,397,8
4174,83,8
4174,96,6
4174,214,8
4174,6,10
4175,363,6
4175,224,8
4175,439,9
4175,125,1
4175,458,6
4176,61,5
4176,197,5
4176,459,5
4176,429,8
4176,382,5
4177,84,9
4177,479,3
4177,163,7
4177,63,1
4177,24,5
4178,462,6
4178,439,2
4178,256,6
4178,9,6
4178,421,0
4179,69,10
4179,314,10
4179,167,0
4179,233,6
4179,184,10
4180,70,9
4180,51,9
4180,342,3
4180,103,9
4180,198,9
4181,8,4
4181,114,0
4181,1,6
4181,127,0
4181,321,10
4182,471,7
4182,45,7
4182,67,0
4182,158,0
4182,453,7
4183,479,6
4183,472,6
4183,104,6
4183,36,6
4183,241,2
4184,33,1
4184,110,0
4184,457,2
4184,103,3
4184,373,0
4185,244,11
4185,163,0
4185,74,7
4185,230,0
4185,31,10
4186,255,3
4186,476,9
4186,228,4
4186,39,3
4186,355,0
4187,30,11
4187,232,11
4187,286,5
4187,274,11
4187,110,11
4188,79,7
4188,220,7
4188,331,7
4188,68,7
4188,400,1
4189,197,3
4189,106,0
4189,67,9
4189,73,4
4189,161,4
4190,109,9
4190,88,7
4190,273,0
4190,485,8
4190,209,5
4191,212,3
4191,343,0
4191,436,3
4191,54,3
4191,102,2
4192,94,4
4192,455,4
4192,73,8
4192,304,6
4192,192,3
4193,450,9
4193,110,3
4193,422,3
4193,182,9
4193,463,10
4194,289,11
4194,22,11
4194,320,2
4194,412,11
4194,414,11
4195,79,7
4195,35,6
4195,170,6
4195,201,6
4195,6,3
4196,67,5
4196,221,5
4196,433,3
4196,40,8
4196,328,5
4197,385,7
4197,83,4
4197,444,9
4197,75,3
4197,96,1
4198,334,2
4198,213,4
4198,380,7
4198,421,11
4198,358,4
4199,251,3
4199,296,11
4199,476,10
4199,15,5
4199,147,3
4200,151,6
4200,132,6
4200,423,3
4200,20,6
4200,96,6
4201,484,11
4201,252,1
4201,283,0
4201,473,2
4201,213,11
4202,198,1
4202,156,2
4202,110,3
4202,361,11
4202,420,11
4203,208,1
4203,310,11
4203,431,5
4203,494,7
4203,466,4
4204,394,6
4204,105,6
4204,73,6
4204,46,6
4204,477,6
4205,461,10
4205,427,6
4205,347,10
4205,330,1
4205,44,10
4206,343,11
4206,494,3
4206,485,0
4206,240,6
4206,294,1
4207,24,1
4207,433,1
4207,110,1
4207,0,0
4207,306,1
4208,354,9
4208,53,2
4208,41,0
4208,414,3
4208,312,0
4209,182,0
4209,301,3
4209,115,11
4209,335,2
4209,43,0
4210,113,4
4210,449,4
4210,386,7
4210,126,0
4210,128,4
4211,165,9
4211,273,4
4211,117,9
4211,97,4
4211,18,9
4212,253,8
4212,356,5
4212,448,8
4212,160,10
4212,137,8
4213,219,8
4213,153,5
4213,425,5
4213,225,6
4213,99,0
4214,306,6
4214,356,3
4214,149,3
4214,59,11
4214,400,8
4215,417,1
4215,223,6
4215,101,2
4215,26,11
4215,95,2
4216,59,8
4216,449,8
4216,141,9
4216,405,8
4216,429,8
4217,80,4
4217,455,8
4217,471,1
4217,430,5
4217,412,8
4218,182,6
4218,169,7
4218,425,7
4218,340,6
4218,310,7
4219,317,2
4219,368,8
4219,358,2
4219,255,3
4219,390,2
4220,300,10
4220,366,10
4220,12,10
4220,13,0
4220,67,10
4221,285,1
4221,249,4
4221,450,8
4221,215,1
4221,188,1
4222,114,9
4222,494,11
4222,373,9
4222,387,9
4222,219,3
4223,110,4
4223,235,1
4223,3,11
4223,52,6
4223,32,2
4224,336,1
4224,148,4
4224,317,6
4224,151,2
4224,497,6
4225,134,8
4225,55,10
4225,190,2
4225,238,4
4225,469,2
4226,215,1
4226,352,3
4226,78,2
4226,391,1
4226,234,1
4227,310,0
4227,456,0
4227,297,10
4227,266,0
4227,6,0
4228,468,8
4228,175,2
4228,57,8
4228,361,3
4228,260,2
4229,108,2
4229,215,5
4229,226,2
4229,198,2
4229,390,1
4230,117,4
4230,72,9
4230,126,9
4230,409,11
4230,78,3
4231,218,8
4231,379,3
4231,212,8
4231,199,4
4231,245,1
4232,293,1
4232,408,1
4232,306,3
4232,176,6
4232,194,9
4233,287,8
4233,295,8
4233,498,8
4233,306,6
4233,227,7
4234,119,4
4234,233,7
4234,479,11
4234,80,5
4234,154,6
4235,83,6
4235,69,8
4235,316,8
4235,1,8
4236,28,9
4236,304,2
4236,303,1
4236,119,9
4236,285,7
4237,286,11
4237,308,8
4237,105,5
4237,22,8
4237,314,1
4238,43,6
4238,32,8
4238,372,9
4238,441,8
4238,190,6
4239,428,10
4239,8,0
4239,10,10
4239,288,7
4239,165,6
4240,193,11
4240,124,1
4240,76,6
4240,43,2
4240,412,7
4241,393,3
4241,280,6
4241,392,0
4241,443,1
4241,113,7
4242,368,0
4242,83,1
4242,275,6
4242,168,11
4242,461,4
4243,307,3
4243,484,0
4243,92,3
4243,329,3
4243,99,1
4244,159,8
4244,492,8
4244,5,11
4244,17,4
4244,133,2
4245,427,5
4245,246,3
4245,256,3
4245,32,2
4245,251,8
4246,264,2
4246,132,4
4246,449,2
4246,43,5
4246,326,2
4247,89,2
4247,432,2
4247,400,7
4247,472,5
4247,486,2
4248,5,6
4248,141,4
4248,31,11
4248,399,9
4248,487,11
4249,12,0
4249,56,2
4249,201,0
4249,497,0
4249,135,0
4250,49,5
4250,484,5
4250,218,5
4250,370,5
4250,384,3
4251,429,6
4251,273,1
4251,443,1
4251,58,0
4251,137,4
4252,184,11
4252,262,4
4252,82,1
4252,165,11
4253,93,0
4253,229,6
4253,363,4
4253,411,4
4253,454,5
4254,463,10
4254,425,10
4254,447,10
4254,498,3
4254,276,10
4255,92,2
4255,352,4
4255,483,9
4255,343,2
4255,446,2
4256,133,10
4256,465,3
4256,72,10
4256,51,10
4256,168,3
4257,409,7
4257,70,10
4257,254,2
4257,297,10
4257,67,10
4258,158,11
4258,417,0
4258,128,2
4258,481,2
4258,54,3
4259,281,7
4259,273,2
4259,367,8
4259,217,0
4259,464,8
4260,209,8
4260,126,8
4260,256,0
4260,231,7
4260,153,5
4261,189,2
4261,404,4
4261,125,2
4261,194,2
4261,87,2
4262,237,6
4262,443,2
4262,414,6
4262,132,5
4262,164,5
4263,324,4
4263,335,0
4263,74,8
4263,439,8
4263,414,3
4264,158,5
4264,470,5
4264,308,5
4264,166,5
4264,119,5
4265,480,8
4265,66,8
4265,31,8
4265,328,3
4265,224,8
4266,486,7
4266,379,9
4266,397,7
4266,161,3
4267,199,7
4267,128,10
4267,253,7
4267,427,7
4267,433,3
4268,176,8
4268,225,8
4268,273,3
4268,47,11
4268,301,7
4269,239,9
4269,257,9
4269,241,9
4269,246,3
4269,131,0
4270,110,5
4270,36,4
4270,30,9
4270,274,5
4270,328,5
4271,63,11
4271,426,4
4271,135,1
4271,206,7
4271,185,7
4272,364,3
4272,90,11
4272,287,3
4272,13,0
4273,470,0
4273,302,2
4273,181,11
4273,185,8
4273,355,0
4274,302,9
4274,313,8
4274,321,9
4274,322,9
4274,21,2
4275,35,3
4275,346,1
4275,98,10
4275,14,0
4275,385,2
4276,56,5
4276,433,5
4276,69,11
4276,59,0
4276,68,0
4277,54,6
4277,169,5
4277,431,2
4277,187,11
4277,11,6
4278,321,8
4278,196,10
4278,230,10
4278,314,6
4278,370,5
4279,73,4
4279,274,3
4279,322,7
4279,306,4
4279,370,0
4280,170,2
4280,41,5
4280,478,5
4280,363,5
4280,404,2
4281,93,3
4281,468,5
4281,256,9
4281,240,5
4281,95,1
4282,340,1
4282,282,11
4282,436,4
4282,5,1
4282,98,6
4283,459,1
4283,454,3
4283,103,1
4283,194,1
4283,221,10
4284,409,1
4284,60,0
4284,228,1
4284,106,10
4284,72,1
4285,186,9
4285,58,9
4285,28,6
4285,374,9
4285,343,9
4286,43,4
4286,197,9
4286,7,2
4286,126,5
4286,87,2
4287,369,1
4287,108,4
4287,87,1
4287,479,11
4287,207,1
4288,330,3
4288,471,2
4288,183,3
4288,65,6
4288,175,3
4289,39,10
4289,435,3
4289,266,0
4289,238,11
4289,267,1
4290,380,10
4290,224,0
4290,193,11
4290,45,8
4290,232,6
4291,22,8
4291,316,8
4291,55,8
4291,489,8
4291,90,10
4292,362,0
4292,306,3
4292,344,4
4292,202,4
4292,475,4
4293,335,1
4293,318,1
4293,103,7
4293,468,1
4293,467,1
4294,225,4
4294,120,9
4294,315,3
4294,367,9
4294,437,2
4295,59,0
4295,460,4
4295,112,8
4295,75,8
4295,409,0
4296,197,7
4296,215,2
4296,483,0
4296,374,2
4296,154,0
4297,214,6
4297,278,0
4297,401,0
4297,447,0
4297,163,0
4298,48,7
4298,198,7
4298,301,6
4298,17,4
4298,499,2
4299,218,3
4299,312,11
4299,112,3
4299,189,11
4299,368,6
4300,419,0
4300,435,6
4300,15,6
4300,278,6
4300,448,10
4301,417,10
4301,177,11
4301,305,5
4301,185,8
4301,479,2
4302,141,7
4302,108,6
4302,15,3
4302,145,7
4302,457,7
4303,326,7
4303,44,1
4303,1,0
4303,265,3
4304,442,6
4304,214,0
4304,14,0
4304,129,0
4304,215,11
4305,204,2
4305,451,11
4305,176,11
4305,149,11
4305,126,11
4306,246,6
4306,268,1
4306,200,4
4306,160,6
4306,231,6
4307,121,1
4307,421,1
4307,314,6
4307,251,1
4307,157,1
4308,144,11
4308,202,9
4308,9,9
4308,337,11
4308,283,1
4309,364,8
4309,164,0
4309,231,0
4309,32,3
4309,431,0
4310,465,11
4310,322,2
4310,413,6
4310,373,6
4310,400,8
4311,81,9
4311,159,0
4311,492,9
4311,384,4
4311,249,3
4312,152,2
4312,258,8
4312,103,0
4312,147,0
4312,53,0
4313,468,8
4313,445,9
4313,350,4
4313,127,3
4313,134,9
4314,96,4
4314,307,4
4314,296,4
4314,446,2
4314,265,10
4315,208,3
4315,310,11
4315,109,3
4315,131,2
4315,129,9
4316,4,2
4316,96,2
4316,6,1
4316,150,0
4316,140,2
4317,250,7
4317,77,7
4317,475,2
4317,477,7
4317,21,6
4318,154,10
4318,34,0
4318,461,11
4318,359,10
4318,393,10
4319,475,3
4319,52,9
4319,396,3
4319,477,3
4320,416,6
4320,4,2
4320,379,5
4320,87,11
4320,140,10
4321,27,4
4321,467,6
4321,313,6
4321,177,6
4321,296,3
4322,301,1
4322,397,4
4322,7,4
4322,281,0
4322,208,5
4323,407,0
4323,199,0
4323,88,9
4323,451,0
4323,10,8
4324,266,5
4324,190,1
4324,382,2
4324,209,4
4324,167,1
4325,306,7
4325,141,8
4325,87,2
4325,480,7
4325,81,8
4326,77,10
4326,365,5
4326,444,6
4326,280,11
4326,333,2
4327,343,1
4327,304,1
4327,147,6
4327,297,11
4327,204,7
4328,218,0
4328,164,4
4328,410,0
4328,402,0
4328,423,0
4329,104,1
4329,473,10
4329,346,1
4329,459,10
4329,92,10
4330,406,11
4330,495,6
4330,146,6
4330,332,6
4330,55,6
4331,303,6
4331,193,4
4331,333,11
4331,487,2
4331,227,11
4332,272,8
4332,306,1
4332,423,4
4332,346,0
4332,370,8
4333,237,5
4333,272,4
4333,59,11
4333,67,4
4333,83,9
4334,5,6
4334,171,0
4334,161,4
4334,412,3
4334,136,6
4335,166,4
4335,346,10
4335,372,4
4335,424,2
4335,367,4
4336,385,9
4336,161,2
4336,131,9
4336,114,4
4336,253,10
4337,130,5
4337,23,11
4337,425,7
4337,187,3
4337,207,5
4338,42,3
4338,417,6
4338,323,10
4338,101,3
4338,45,10
4339,230,9
4339,204,9
4339,35,9
4339,138,7
4339,440,9
4340,365,6
4340,159,10
4340,233,1
4340,15,6
4340,460,6
4341,23,0
4341,419,10
4341,239,10
4341,83,10
4341,232,10
4342,406,8
4342,289,8
4342,390,8
4342,486,8
4342,367,8
4343,222,4
4343,264,5
4343,164,1
4343,195,6
4343,140,5
4344,84,3
4344,258,7
4344,434,9
4344,418,3
4344,391,6
4345,221,9
4345,296,5
4345,219,7
4345,365,8
4345,243,8
4346,306,11
4346,435,11
4346,56,1
4346,373,10
4346,59,11
4347,36,6
4347,118,8
4347,231,10
4347,473,1
4347,115,6
4348,256,3
4348,145,7
4348,428,7
4348,478,7
4348,379,9
4349,387,10
4349,262,10
4349,467,1
4349,52,9
4349,498,10
4350,150,0
4350,370,0
4350,346,0
4350,95,0
4350,446,5
4351,258,1
4351,314,6
4351,100,1
4351,64,1
4351,392,7
4352,464,2
4352,321,2
4352,53,5
4352,133,10
4352,197,11
4353,330,3
4353,143,7
4353,331,7
4353,203,2
4353,428,7
4354,89,10
4354,161,8
4354,58,11
4354,8,5
4354,97,1
4355,117,6
4355,389,1
4355,358,1
4355,375,1
4355,27,1
4356,188,10
4356,498,10
4356,459,10
4356,253,8
4356,491,7
4357,449,5
4357,369,5
4357,427,1
4357,2,5
4357,14,5
4358,92,5
4358,217,5
4358,46,11
4358,132,5
4358,143,3
4359,263,9
4359,412,1
4359,339,2
4359,90,0
4359,425,2
4360,477,4
4360,187,4
4360,143,5
4360,385,4
4360,83,4
4361,496,9
4361,428,3
4361,63,8
4361,440,11
4361,403,9
4362,31,6
4362,170,0
4362,362,4
4362,146,6
4362,238,6
4363,441,8
4363,17,10
4363,201,3
4363,171,2
4363,251,9
4364,422,11
4364,270,11
4364,171,5
4364,445,9
4364,279,0
4365,198,11
4365,307,5
4365,402,5
4365,134,4
4365,185,5
4366,375,11
4366,219,8
4366,339,11
4366,284,0
4366,7,11
4367,189,11
4367,481,11
4367,450,4
4367,483,11
4367,119,11
4368,60,2
4368,66,4
4368,228,3
4368,370,0
4368,121,7
4369,177,10
4369,234,3
4369,469,2
4369,153,5
4369,335,10
4370,33,3
4370,150,5
4370,180,3
4370,136,5
4370,395,5
4371,68,8
4371,497,4
4371,213,8
4371,344,8
4371,492,6
4372,441,9
4372,99,11
4372,306,2
4372,157,10
4372,291,7
4373,145,4
4373,263,0
4373,61,6
4373,272,11
4373,473,0
4374,121,4
4374,218,0
4374,270,2
4374,195,7
4374,15,4
4375,249,3
4375,384,6
4375,375,6
4375,101,1
4375,347,6
4376,326,2
4376,248,11
4376,379,11
4376,11,11
4376,2,1
4377,295,2
4377,227,4
4377,152,5
4377,255,4
4377,418,0
4378,476,2
4378,290,2
4378,164,11
4378,267,0
4378,109,2
4379,153,0
4379,121,0
4379,189,0
4379,452,0
4379,10,1
4380,205,9
4380,216,11
4380,310,1
4380,402,11
4380,68,11
4381,218,8
4381,200,9
4381,145,11
4381,465,5
4381,488,8
4382,6,1
4382,218,2
4382,3,1
4382,172,0
4382,438,1
4383,437,2
4383,366,8
4383,188,10
4383,122,9
4383,442,2
4384,146,10
4384,125,6
4384,143,9
4384,27,5
4384,51,10
4385,418,9
4385,83,9
4385,124,5
4385,244,9
4385,91,9
4386,464,5
4386,185,5
4386,196,7
4386,302,11
4386,471,11
4387,59,9
4387,283,9
4387,325,4
4387,277,4
4387,499,9
4388,273,1
4388,313,0
4388,43,11
4388,479,8
4388,80,7
4389,228,9
4389,235,3
4389,401,7
4389,360,7
4389,459,6
4390,175,4
4390,16,4
4390,287,5
4390,142,0
4390,63,7
4391,349,6
4391,200,6
4391,318,9
4391,281,0
4391,250,6
4392,347,8
4392,352,7
4392,458,6
4392,263,7
4392,435,7
4393,313,8
4393,431,9
4393,100,5
4393,87,5
4393,78,0
4394,85,1
4394,374,0
4394,184,0
4394,223,4
4394,331,0
4395,259,6
4395,180,9
4395,161,9
4395,231,9
4395,395,9
4396,23,11
4396,133,11
4396,404,2
4396,204,11
4396,464,6
4397,254,1
4397,152,8
4397,281,8
4397,297,10
4397,288,9
4398,462,0
4398,61,2
4398,197,1
4398,447,7
4398,60,7
4399,336,9
4399,273,7
4399,375,9
4399,277,6
4399,338,8
4400,120,0
4400,247,10
4400,427,11
4400,389,0
4400,468,5
4401,431,11
4401,359,7
4401,112,10
4401,102,9
4401,35,5
4402,342,6
4402,70,0
4402,271,5
4402,343,6
4402,361,6
4403,182,6
4403,438,6
4403,487,8
4403,467,6
4403,377,6
4404,130,8
4404,332,3
4404,328,8
4404,174,5
4404,111,4
4405,423,5
4405,23,1
4405,211,1
4405,288,0
4405,362,3
4406,400,9
4406,332,3
4406,389,8
4406,129,8
4406,306,8
4407,131,7
4407,372,7
4407,266,7
4407,80,7
4407,393,5
4408,225,10
4408,38,10
4408,217,5
4408,358,0
4408,402,10
4409,371,1
4409,82,1
4409,266,4
4409,492,7
4409,148,4
4410,477,10
4410,198,4
4410,296,9
4410,19,3
4410,156,1
4411,461,2
4411,220,3
4411,411,6
4411,362,5
4411,290,4
4412,34,1
4412,373,9
4412,117,5
4412,41,8
4412,495,3
4413,175,3
4413,331,1
4413,274,0
4413,480,9
4413,208,10
4414,395,5
4414,201,2
4414,80,1
4414,366,1
4414,291,8
4415,138,9
4415,350,9
4415,412,7
4415,278,9
4415,2,7
4416,185,6
4416,262,1
4416,347,11
4416,86,1
4416,254,0
4417,5,10
4417,251,5
4417,56,10
4417,300,6
4417,33,6
4418,193,3
4418,29,3
4418,125,3
4418,139,3
4418,36,4
4419,80,3
4419,414,5
4419,236,3
4419,443,7
4420,164,6
4420,338,10
4420,45,7
4420,185,8
4420,361,6
4421,475,11
4421,351,11
4421,175,11
4421,364,11
4421,356,11
4422,3,1
4422,469,3
4422,232,3
4422,490,6
4422,116,8
4423,400,7
4423,45,11
4423,219,5
4423,49,6
4423,246,7
4424,121,2
4424,147,6
4424,407,6
4424,15,6
4424,41,5
4425,67,10
4425,97,6
4425,36,11
4425,95,8
4425,240,8
4426,318,4
4426,356,9
4426,185,9
4426,208,9
4426,159,9
4427,452,1
4427,51,3
4427,188,9
4427,482,9
4427,358,2
4428,431,3
4428,390,3
4428,8,3
4428,399,0
4428,180,3
4429,336,4
4429,304,4
4429,398,4
4429,112,4
4429,445,4
4430,101,8
4430,426,4
4430,78,11
4430,31,4
4430,208,4
4431,442,4
4431,193,8
4431,127,9
4431,191,3
4431,2,0
4432,327,9
4432,29,9
4432,384,9
4432,256,2
4432,236,9
4433,388,0
4433,498,0
4433,80,0
4433,160,0
4433,387,0
4434,270,6
4434,492,3
4434,17,3
4434,43,6
4434,52,3
4435,372,7
4435,327,7
4435,171,2
4435,343,10
4435,422,11
4436,408,4
4436,242,4
4436,150,4
4436,347,4
4436,65,4
4437,122,11
4437,352,7
4437,375,7
4437,473,4
4437,90,4
4438,152,10
4438,53,4
4438,204,4
4438,162,4
4438,409,4
4439,486,7
4439,274,0
4439,151,10
4439,289,0
4439,137,7
4440,409,7
4440,109,9
4440,390,5
4440,274,9
4440,142,9
4441,271,9
4441,331,6
4441,199,6
4441,388,9
4441,54,8
4442,72,4
4442,11,0
4442,474,11
4442,327,11
4442,339,11
4443,117,8
4443,110,7
4443,146,7
4443,416,7
4443,487,7
4444,178,1
4444,131,2
4444,87,10
4444,468,4
4444,220,6
4445,452,7
4445,122,7
4445,188,7
4445,61,7
4445,401,7
4446,263,0
4446,293,0
4446,120,8
4446,445,8
4446,153,5
4447,25,0
4447,91,5
4447,291,5
4447,109,3
4447,343,1
4448,11,1
4448,144,10
4448,81,9
4448,191,9
4448,323,9
4449,496,11
4449,8,2
4449,487,8
4449,213,6
4449,223,0
4450,92,6
4450,404,6
4450,166,7
4450,319,6
4450,241,0
4451,90,5
4451,326,9
4451,384,5
4451,64,1
4451,467,0
4452,347,2
4452,310,2
4452,178,7
4452,409,8
4452,40,9
4453,183,0
4453,116,7
4453,115,4
4453,19,0
4453,111,4
4454,86,1
4454,419,1
4454,176,1
4454,188,1
4455,213,4
4455,108,7
4455,202,4
4455,93,2
4455,135,4
4456,398,7
4456,275,7
4456,179,6
4456,128,0
4456,40,3
4457,340,11
4457,191,11
4457,25,11
4457,479,11
4457,238,2
4458,41,2
4458,63,11
4458,143,6
4458,291,2
4458,173,2
4459,93,1
4459,101,11
4459,252,4
4459,347,1
4460,302,5
4460,111,9
4460,84,9
4460,130,9
4460,289,1
4461,393,4
4461,435,2
4461,343,11
4461,318,5
4461,317,2
4462,147,6
4462,155,11
4462,89,1
4462,84,1
4462,444,1
4463,330,7
4463,262,8
4463,277,10
4463,441,3
4463,65,11
4464,223,10
4464,338,10
4464,112,7
4464,214,0
4464,225,10
4465,480,9
4465,183,8
4465,153,0
4465,335,9
4465,491,8
4466,41,10
4466,214,0
4466,218,0
4466,276,9
4466,370,0
4467,156,5
4467,152,6
4467,295,10
4467,334,4
4467,223,10
4468,478,4
4468,11,4
4468,485,1
4468,181,9
4468,90,5
4469,414,10
4469,36,6
4469,262,0
4469,276,1
4470,122,10
4470,290,8
4470,357,8
4470,216,8
4470,319,8
4471,381,6
4471,56,4
4471,76,8
4471,250,6
4471,82,6
4472,154,6
4472,313,11
4472,39,8
4472,16,0
4472,26,0
4473,379,4
4473,292,4
4473,283,0
4473,6,4
4473,173,4
4474,286,9
4474,454,8
4474,461,0
4474,386,3
4474,355,3
4475,438,5
4475,37,0
4475,40,2
4475,340,6
4475,129,6
4476,121,3
4476,112,1
4476,365,0
4476,379,6
4476,483,0
4477,303,5
4477,246,5
4477,141,7
4477,142,7
4477,466,4
4478,58,11
4478,445,7
4478,361,4
4478,398,4
4478,280,4
4479,163,0
4479,83,1
4479,491,1
4479,374,11
4479,364,0
4480,143,1
4480,176,4
4480,191,1
4480,115,0
4480,137,2
4481,0,4
4481,445,9
4481,153,9
4481,474,6
4481,256,6
4482,86,11
4482,107,11
4482,54,11
4482,233,11
4482,23,9
4483,412,11
4483,441,11
4483,452,3
4483,379,8
4483,460,11
4484,489,7
4484,359,6
4484,254,4
4484,252,0
4484,146,7
4485,411,9
4485,385,0
4485,308,9
4485,30,9
4485,137,3
4486,311,1
4486,319,3
4486,457,1
4486,240,1
4486,72,1
4487,474,3
4487,121,6
4487,434,5
4487,264,11
4487,429,1
4488,198,4
4488,344,8
4488,257,8
4488,260,9
4488,280,10
4489,421,5
4489,224,5
4489,69,5
4489,191,5
4489,321,5
4490,343,0
4490,141,5
4490,344,10
4490,302,3
4490,312,6
4491,48,10
4491,485,1
4491,478,7
4491,348,7
4491,35,7
4492,140,7
4492,232,5
4492,330,6
4492,317,7
4492,132,5
4493,52,9
4493,468,9
4493,15,9
4493,31,0
4493,102,9
4494,260,7
4494,366,7
4494,486,4
4494,440,7
4495,476,0
4495,453,4
4495,365,1
4495,333,4
4495,439,4
4496,69,5
4496,57,1
4496,158,6
4496,301,6
4496,244,5
4497,213,5
4497,204,6
4497,169,1
4497,59,1
4497,306,7
4498,0,0
4498,150,0
4498,481,0
4498,459,0
4498,269,4
4499,461,9
4499,306,1
4499,388,3
4499,274,10
4499,138,10
4500,120,3
4500,360,6
4500,140,7
4500,202,3
4500,298,5
4501,245,10
4501,407,0
4501,216,10
4501,99,8
4501,274,10
4502,300,1
4502,20,8
4502,374,9
4502,24,9
4502,225,8
4503,258,7
4503,127,7
4503,160,7
4503,318,0
4503,444,6
4504,60,2
4504,108,2
4504,226,2
4504,71,2
4504,488,2
4505,331,2
4505,297,1
4505,478,5
4505,166,1
4505,135,5
4506,62,9
4506,17,3
4506,247,9
4506,151,9
4506,299,9
4507,283,9
4507,208,11
4507,117,11
4507,165,11
4507,484,1
4508,379,9
4508,88,1
4508,209,2
4508,318,1
4508,65,1
4509,460,1
4509,37,10
4509,24,2
4509,186,8
4509,89,5
4510,229,0
4510,389,3
4510,241,3
4510,115,0
4510,205,3
4511,257,8
4511,74,8
4511,88,8
4511,422,5
4511,125,8
4512,20,6
4512,357,8
4512,147,4
4512,399,9
4512,209,8
4513,470,6
4513,219,0
4513,276,6
4513,257,7
4513,127,3
4514,180,4
4514,334,4
4514,230,11
4514,261,4
4514,225,4
4515,22,5
4515,483,5
4515,440,0
4515,282,4
4515,266,5
4516,185,4
4516,315,11
4516,322,5
4516,114,2
4516,367,0
4517,62,2
4517,67,2
4517,422,2
4517,465,5
4517,374,5
4518,469,3
4518,427,3
4518,448,3
4518,242,5
4518,199,3
4519,364,6
4519,498,7
4519,64,5
4519,323,0
4519,383,7
4520,94,0
4520,184,2
4520,73,1
4520,109,0
4520,455,0
4521,255,1
4521,4,8
4521,65,8
4521,429,8
4521,314,4
4522,486,10
4522,273,11
4522,272,6
4522,16,5
4522,178,6
4523,377,1
4523,112,1
4523,297,1
4523,356,1
4523,231,4
4524,52,5
4524,398,7
4524,133,7
4524,475,1
4524,370,0
4525,242,2
4525,372,1
4525,457,8
4525,0,9
4525,369,8
4526,91,10
4526,301,10
4526,6,10
4526,225,10
4526,285,5
4527,218,7
4527,5,9
4527,192,10
4527,220,4
4527,207,8
4528,228,5
4528,300,0
4528,191,0
4528,113,0
4528,348,8
4529,476,4
4529,139,9
4529,275,4
4529,473,9
4529,58,6
4530,294,4
4530,311,4
4530,473,11
4530,490,4
4530,406,11
4531,113,2
4531,451,2
4531,412,3
4531,466,3
4531,382,11
4532,481,1
4532,432,6
4532,61,3
4532,124,8
4532,376,2
4533,231,8
4533,447,8
4533,315,7
4533,292,9
4533,345,8
4534,304,1
4534,218,10
4534,271,4
4534,181,11
4534,63,7
4535,58,11
4535,179,3
4535,111,3
4535,410,4
4536,40,11
4536,11,2
4536,413,10
4536,288,9
4536,471,10
4537,357,2
4537,64,1
4537,195,3
4537,213,1
4537,251,5
4538,132,4
4538,289,9
4538,247,9
4538,62,9
4538,43,9
4539,461,10
4539,57,5
4539,410,7
4539,352,4
4539,4,5
4540,104,0
4540,445,7
4540,400,10
4540,294,8
4540,177,10
4541,42,5
4541,168,0
4541,301,5
4541,243,0
4541,130,0
4542,279,7
4542,6,8
4542,61,7
4542,170,3
4542,237,8
4543,446,0
4543,385,9
4543,435,0
4543,118,2
4543,387,0
4544,436,0
4544,487,8
4544,367,3
4544,149,2
4544,283,8
4545,156,8
4545,464,1
4545,400,10
4545,136,10
4545,407,10
4546,480,4
4546,499,4
4546,340,7
4546,420,0
4546,487,3
4547,17,10
4547,369,6
4547,62,6
4547,49,8
4547,219,6
4548,86,7
4548,391,7
4548,462,10
4548,298,7
4548,71,8
4549,98,0
4549,133,8
4549,93,3
4549,189,6
4549,318,10
4550,478,9
4550,472,11
4550,170,0
4550,413,2
4550,347,6
4551,358,0
4551,9,1
4551,109,2
4551,431,0
4551,481,0
4552,58,1
4552,91,1
4552,498,1
4552,411,3
4552,247,11
4553,298,5
4553,383,3
4553,87,5
4553,467,5
4553,135,0
4554,238,4
4554,429,4
4554,107,4
4554,475,8
4554,218,8
4555,42,7
4555,200,0
4555,211,4
4555,374,7
4555,329,7
4556,357,10
4556,107,4
4556,346,9
4556,240,9
4556,410,9
4557,296,3
4557,293,8
4557,2,11
4557,49,10
4557,211,11
4558,315,11
4558,98,6
4558,499,11
4558,72,11
4558,135,11
4559,487,7
4559,130,7
4559,69,7
4559,309,7
4559,452,7
4560,128,1
4560,19,11
4560,422,2
4560,193,3
4560,90,5
4561,373,4
4561,166,4
4561,69,4
4561,410,4
4561,1,4
4562,333,8
4562,374,5
4562,364,5
4562,495,3
4562,78,7
4563,427,4
4563,272,9
4563,495,9
4563,405,9
4563,323,9
4564,263,1
4564,54,1
4564,453,1
4564,219,11
4564,17,2
4565,76,8
4565,75,2
4565,175,0
4565,11,10
4565,205,1
4566,357,11
4566,466,1
4566,280,11
4566,67,3
4566,295,11
4567,468,8
4567,235,6
4567,52,8
4567,444,5
4567,337,1
4568,236,11
4568,51,11
4568,341,9
4568,444,5
4568,472,11
4569,74,0
4569,238,4
4569,68,4
4569,160,6
4569,294,4
4570,396,1
4570,456,11
4570,491,8
4570,344,1
4570,207,11
4571,68,6
4571,59,4
4571,269,4
4571,31,4
4571,65,10
4572,317,1
4572,287,1
4572,469,1
4572,454,10
4572,470,1
4573,36,4
4573,382,11
4573,354,11
4573,125,11
4573,304,4
4574,498,7
4574,193,8
4574,366,7
4574,194,7
4574,386,7
4575,390,6
4575,320,4
4575,455,4
4575,93,4
4575,168,11
4576,98,10
4576,63,1
4576,304,1
4576,115,11
4576,289,1
4577,357,3
4577,380,10
4577,362,4
4577,294,10
4577,2,3
4578,124,5
4578,433,3
4578,184,2
4578,206,3
4578,409,8
4579,52,10
4579,201,10
4579,139,10
4579,442,10
4579,364,10
4580,166,3
4580,357,6
4580,295,9
4580,424,0
4580,44,0
4581,415,2
4581,20,1
4581,430,7
4581,250,1
4581,53,7
4582,490,2
4582,350,8
4582,200,2
4582,1,8
4582,499,8
4583,16,11
4583,27,1
4583,150,11
4583,4,1
4583,17,11
4584,391,8
4584,155,4
4584,472,7
4584,269,4
4584,327,4
4585,104,9
4585,13,9
4585,351,9
4585,431,9
4585,401,3
4586,172,10
4586,391,10
4586,266,7
4586,123,7
4586,499,7
4587,243,2
4587,400,8
4587,247,8
4587,142,2
4587,174,2
4588,32,11
4588,176,9
4588,319,1
4588,434,10
4588,129,1
4589,443,8
4589,408,8
4589,14,8
4589,242,11
4589,116,9
4590,354,3
4590,142,8
4590,183,10
4590,20,8
4590,39,8
4591,348,9
4591,90,7
4591,454,0
4591,430,1
4591,364,2
4592,323,7
4592,115,4
4592,483,5
4592,166,4
4592,45,11
4593,32,9
4593,449,2
4593,329,6
4593,246,6
4593,223,6
4594,389,3
4594,30,11
4594,190,7
4594,235,7
4594,446,2
4595,432,8
4595,292,10
4595,380,2
4595,416,9
4595,171,3
4596,399,4
4596,98,10
4596,53,10
4596,269,10
4596,32,8
4597,7,1
4597,285,1
4597,242,2
4597,167,1
4597,200,1
4598,101,2
4598,359,6
4598,328,5
4598,127,0
4598,408,11
4599,14,6
4599,235,6
4599,479,2
4599,37,10
4599,111,11
4600,333,8
4600,260,1
4600,481,1
4600,54,1
4600,456,1
4601,207,9
4601,204,5
4601,20,3
4601,315,1
4601,140,11
4602,438,5
4602,487,9
4602,246,7
4602,239,10
4602,244,6
4603,437,9
4603,340,11
4603,470,9
4603,177,3
4603,128,9
4604,474,7
4604,5,7
4604,293,0
4604,193,7
4604,371,7
4605,70,7
4605,375,0
4605,201,4
4605,72,7
4605,281,7
4606,45,7
4606,458,7
4606,78,8
4606,6,8
4606,406,3
4607,423,3
4607,54,3
4607,476,3
4607,427,3
4607,358,10
4608,24,0
4608,485,2
4608,83,10
4608,326,2
4608,192,2
4609,390,6
4609,373,10
4609,80,10
4609,7,10
4609,55,10
4610,72,11
4610,287,8
4610,310,11
4610,296,11
4610,214,11
4611,402,6
4611,37,6
4611,84,0
4611,21,10
4611,494,6
4612,173,5
4612,252,10
4612,130,9
4612,27,3
4612,450,4
4613,340,6
4613,56,6
4613,184,9
4613,222,6
4613,316,10
4614,269,9
4614,26,9
4614,258,8
4614,390,6
4614,152,9
4615,131,5
4615,227,9
4615,91,9
4615,234,6
4615,17,9
4616,144,3
4616,179,1
4616,295,9
4616,257,4
4616,142,1
4617,209,1
4617,71,4
4617,181,7
4617,61,5
4617,224,8
4618,379,6
4618,112,5
4618,181,6
4618,96,6
4618,383,6
4619,361,9
4619,56,7
4619,240,3
4619,156,5
4619,483,9
4620,456,1
4620,207,1
4620,159,1
4620,139,1
4620,492,1
4621,206,10
4621,91,2
4621,163,2
4621,213,10
4621,324,0
4622,330,3
4622,306,11
4622,303,9
4622,130,7
4622,321,8
4623,431,9
4623,348,9
4623,428,9
4623,437,11
4623,208,7
4624,469,5
4624,324,5
4624,74,5
4624,71,7
4624,473,10
4625,93,8
4625,85,8
4625,240,7
4625,318,9
4625,301,11
4626,295,0
4626,183,9
4626,60,8
4626,65,2
4626,327,9
4627,260,10
4627,122,6
4627,83,7
4627,335,3
4627,302,11
4628,116,10
4628,71,0
4628,414,0
4628,355,11
4628,117,7
4629,255,4
4629,354,7
4629,455,9
4629,15,11
4629,299,6
4630,416,10
4630,108,4
4630,85,3
4630,398,4
4630,279,1
4631,242,1
4631,473,4
4631,458,4
4631,474,4
4631,193,9
4632,379,11
4632,45,3
4632,5,2
4632,125,8
4632,251,5
4633,439,11
4633,385,6
4633,484,6
4633,379,7
4633,20,6
4634,419,0
4634,417,2
4634,398,11
4634,471,11
4634,371,0
4635,153,8
4635,401,8
4635,481,8
4635,199,8
4635,228,4
4636,360,4
4636,182,5
4636,175,0
4636,467,6
4636,199,10
4637,388,10
4637,418,1
4637,42,1
4637,341,6
4637,35,1
4638,19,8
4638,431,6
4638,369,8
4638,2,11
4638,487,8
4639,270,4
4639,210,11
4639,317,11
4639,380,11
4639,341,4
4640,434,5
4640,99,1
4640,229,11
4640,207,5
4640,267,2
4641,256,8
4641,38,9
4641,253,9
4641,329,9
4642,144,3
4642,381,3
4642,418,3
4642,183,3
4642,235,3
4643,165,7
4643,275,11
4643,34,10
4643,347,3
4643,290,8
4644,98,0
4644,487,7
4644,318,7
4644,479,7
4644,466,1
4645,281,8
4645,144,8
4645,492,5
4645,151,7
4645,475,8
4646,177,0
4646,342,0
4646,397,11
4646,440,0
4646,169,8
4647,435,8
4647,52,8
4647,399,9
4647,365,4
4647,200,8
4648,248,2
4648,465,5
4648,266,9
4648,43,0
4648,415,0
4649,188,8
4649,90,6
4649,259,7
4649,442,8
4649,173,8
4650,246,10
4650,269,10
4650,343,5
4650,165,0
4650,481,10
4651,468,1
4651,369,1
4651,199,1
4651,325,1
4651,304,5
4652,272,5
4652,53,5
4652,396,5
4652,175,9
4652,269,5
4653,61,6
4653,3,6
4653,48,6
4653,256,9
4653,59,6
4654,165,2
4654,427,1
4654,474,6
4654,460,1
4654,274,6
4655,269,5
4655,487,1
4655,499,2
4655,268,1
4655,101,1
4656,392,2
4656,112,6
4656,446,1
4656,13,11
4656,61,11
4657,4,0
4657,201,5
4657,100,0
4657,3,5
4657,424,4
4658,144,10
4658,497,1
4658,372,0
4658,469,10
4658,461,6
4659,439,9
4659,169,1
4659,445,5
4659,254,10
4659,403,9
4660,468,5
4660,155,2
4660,472,2
4660,448,11
4660,401,2
4661,339,7
4661,398,10
4661,161,7
4661,1,7
4661,470,11
4662,261,6
4662,248,6
4662,11,6
4662,210,6
4662,333,3
4663,469,3
4663,128,8
4663,420,9
4663,7,3
4663,219,3
4664,444,5
4664,463,11
4664,393,3
4664,218,11
4664,264,10
4665,99,9
4665,376,4
4665,261,9
4665,326,9
4665,483,9
4666,132,5
4666,84,1
4666,149,11
4666,304,0
4666,173,10
4667,238,4
4667,240,4
4667,278,4
4667,265,4
4667,142,11
4668,260,3
4668,290,4
4668,57,6
4668,226,3
4668,288,3
4669,164,11
4669,188,11
4669,486,11
4669,85,11
4670,472,8
4670,379,8
4670,58,8
4670,94,8
4670,132,1
4671,257,10
4671,110,4
4671,355,3
4671,141,11
4671,321,1
4672,384,6
4672,208,11
4672,410,1
4672,107,1
4672,154,6
4673,293,8
4673,54,8
4673,244,4
4673,139,8
4673,185,8
4674,119,9
4674,367,11
4674,279,9
4674,151,6
4674,55,11
4675,41,3
4675,436,3
4675,141,3
4675,368,7
4675,85,11
4676,383,9
4676,225,8
4676,424,9
4676,159,9
4676,338,3
4677,341,1
4677,240,9
4677,58,9
4677,373,4
4677,184,9
4678,445,9
4678,103,5
4678,442,9
4678,341,0
4678,99,9
4679,180,5
4679,40,5
4679,370,7
4679,236,3
4679,118,1
4680,260,7
4680,184,10
4680,48,2
4680,205,2
4680,376,6
4681,219,0
4681,105,8
4681,173,11
4681,377,8
4681,326,7
4682,133,11
4682,34,11
4682,144,11
4682,240,3
4682,308,11
4683,225,3
4683,400,0
4683,268,0
4683,480,0
4683,245,0
4684,475,2
4684,188,3
4684,99,7
4684,388,3
4684,15,3
4685,201,10
4685,291,6
4685,445,5
4685,148,11
4685,206,11
4686,70,9
4686,21,9
4686,265,11
4686,64,9
4686,271,1
4687,320,2
4687,353,8
4687,110,5
4687,466,0
4687,174,9
4688,108,0
4688,431,9
4688,6,3
4688,25,0
4688,303,10
4689,182,3
4689,355,3
4689,100,5
4689,281,10
4689,487,3
4690,247,8
4690,357,3
4690,244,7
4690,38,8
4690,299,1
4691,47,6
4691,317,4
4691,283,0
4691,457,4
4691,96,4
4692,62,4
4692,354,4
4692,59,4
4692,342,8
4692,114,1
4693,40,5
4693,450,3
4693,65,5
4693,370,5
4693,465,0
4694,175,5
4694,421,0
4694,486,11
4694,316,5
4694,275,5
4695,31,1
4695,156,2
4695,336,1
4695,44,1
4695,132,1
4696,278,5
4696,117,11
4696,214,0
4696,170,5
4696,159,8
4697,36,6
4697,394,3
4697,495,1
4697,229,1
4697,33,3
4698,47,3
4698,385,8
4698,269,4
4698,65,9
4698,301,1
4699,149,0
4699,376,0
4699,72,0
4699,249,4
4699,430,0
4700,142,7
4700,147,7
4700,183,10
4700,102,10
4700,432,0
4701,175,10
4701,232,2
4701,370,2
4701,499,2
4701,390,2
4702,397,7
4702,168,5
4702,129,3
4702,5,5
4702,160,3
4703,401,2
4703,100,10
4703,464,9
4703,196,0
4703,367,2
4704,228,11
4704,275,2
4704,5,11
4704,126,7
4704,381,7
4705,317,10
4705,136,7
4705,352,0
4705,135,6
4705,255,3
4706,2,2
4706,18,9
4706,458,7
4706,234,1
4706,283,0
4707,200,9
4707,488,3
4707,475,8
4707,356,10
4707,214,6
4708,278,4
4708,472,5
4708,339,5
4708,365,5
4708,258,10
4709,440,0
4709,170,7
4709,133,0
4709,178,0
4709,334,2
4710,6,2
4710,171,2
4710,415,6
4710,454,2
4710,179,1
4711,72,4
4711,194,5
4711,94,8
4711,35,5
4711,205,5
4712,89,0
4712,250,6
4712,47,11
4712,70,11
4712,260,0
4713,396,10
4713,186,7
4713,75,9
4713,3,9
4713,100,7
4714,360,5
4714,97,1
4714,269,6
4714,130,6
4714,215,3
4715,260,1
4715,418,7
4715,366,0
4715,460,0
4715,425,11
4716,286,2
4716,116,8
4716,274,4
4716,1,5
4716,470,8
4717,380,5
4717,168,9
4717,160,5
4717,296,9
4717,344,9
4718,33,4
4718,27,3
4718,157,5
4718,195,4
4718,419,4
4719,330,5
4719,401,9
4719,459,9
4719,237,9
4719,231,9
4720,193,7
4720,392,1
4720,65,3
4720,26,1
4720,467,9
4721,216,1
4721,381,3
4721,33,5
4721,150,3
4721,360,3
4722,150,3
4722,26,3
4722,305,8
4722,189,4
4722,499,5
4723,381,1
4723,387,1
4723,69,1
4723,248,1
4723,129,1
4724,369,2
4724,312,8
4724,89,4
4724,1,8
4724,207,8
4725,282,5
4725,337,6
4725,134,5
4725,476,5
4725,243,5
4726,31,2
4726,286,1
4726,39,11
4726,402,9
4726,263,2
4727,125,1
4727,445,5
4727,199,2
4727,150,8
4727,305,5
4728,87,3
4728,465,3
4728,421,3
4728,89,3
4728,234,3
4729,163,7
4729,61,2
4729,26,11
4729,157,2
4729,309,7
4730,498,6
4730,442,6
4730,123,6
4730,371,4
4730,385,6
4731,23,4
4731,167,0
4731,2,0
4731,221,0
4731,357,0
4732,60,3
4732,13,6
4732,465,3
4732,472,3
4732,118,4
4733,7,9
4733,99,7
4733,195,11
4733,41,9
4733,226,0
4734,202,4
4734,298,10
4734,485,11
4734,200,10
4734,203,10
4735,52,8
4735,124,8
4735,243,8
4735,86,7
4735,45,8
4736,439,3
4736,311,11
4736,165,4
4736,444,4
4736,468,5
4737,491,6
4737,78,2
4737,468,6
4737,439,6
4737,449,6
4738,283,3
4738,277,10
4738,66,2
4738,371,10
4738,474,7
4739,196,11
4739,401,9
4739,19,4
4739,239,6
4739,364,0
4740,483,5
4740,444,11
4740,392,11
4740,246,4
4740,433,11
4741,348,5
4741,286,4
4741,495,4
4741,72,4
4741,181,0
4742,367,5
4742,418,9
4742,354,9
4742,239,9
4742,56,9
4743,38,7
4743,104,1
4743,381,9
4743,371,2
4743,251,2
4744,431,7
4744,336,7
4744,358,7
4744,281,11
4744,460,7
4745,53,6
4745,414,9
4745,18,5
4745,494,9
4745,66,3
4746,271,4
4746,130,0
4746,256,7
4746,29,4
4746,15,11
4747,177,6
4747,496,2
4747,352,9
4747,309,6
4747,286,5
4748,286,10
4748,208,6
4748,143,10
4748,20,4
4748,445,10
4749,343,0
4749,494,0
4749,451,10
4749,413,6
4749,492,0
4750,242,8
4750,179,8
4750,157,8
4750,273,0
4750,311,8
4751,441,8
4751,4,7
4751,230,8
4751,188,10
4751,370,10
4752,3,10
4752,226,2
4752,53,2
4752,187,3
4752,145,7
4753,95,3
4753,109,6
4753,192,3
4753,4,2
4753,145,9
4754,346,2
4754,38,8
4754,411,7
4754,391,1
4754,5,0
4755,45,7
4755,382,6
4755,288,5
4755,72,8
4755,385,0
4756,398,4
4756,24,1
4756,145,3
4756,238,9
4756,211,9
4757,228,5
4757,485,2
4757,470,2
4757,165,2
4757,128,10
4758,154,8
4758,196,1
4758,342,1
4758,256,1
4758,234,7
4759,53,0
4759,390,5
4759,336,0
4759,371,0
4759,367,0
4760,364,0
4760,176,10
4760,316,3
4760,394,1
4760,273,0
4761,35,0
4761,270,0
4761,2,0
4761,496,2
4761,450,0
4762,440,8
4762,407,5
4762,64,5
4762,404,5
4762,450,3
4763,60,4
4763,72,8
4763,319,4
4763,400,8
4763,271,9
4764,210,7
4764,209,10
4764,156,2
4764,32,9
4764,335,2
4765,183,4
4765,209,7
4765,223,4
4765,135,10
4765,14,8
4766,128,11
4766,405,10
4766,184,10
4766,89,11
4766,349,8
4767,217,9
4767,161,2
4767,166,6
4767,255,0
4767,83,0
4768,244,4
4768,321,4
4768,175,6
4768,403,4
4768,362,4
4769,477,11
4769,264,3
4769,90,10
4769,320,3
4769,93,1
4770,279,7
4770,323,7
4770,161,7
4770,209,5
4770,460,7
4771,497,9
4771,97,11
4771,50,0
4771,119,0
4771,170,4
4772,480,8
4772,238,2
4772,355,2
4772,69,9
4772,139,5
4773,363,4
4773,35,1
4773,364,1
4773,55,1
4773,40,9
4774,141,3
4774,305,8
4774,238,8
4774,167,8
4774,279,0
4775,148,3
4775,386,5
4775,103,7
4775,352,6
4775,63,9
4776,182,5
4776,307,7
4776,462,7
4776,135,11
4776,329,7
4777,152,6
4777,327,6
4777,134,8
4777,329,8
4777,201,6
4778,490,7
4778,59,8
4778,443,1
4778,363,5
4778,220,1
4779,296,3
4779,124,3
4779,349,5
4779,136,7
4779,479,3
4780,153,2
4780,217,11
4780,10,5
4780,150,6
4780,319,2
4781,99,6
4781,149,6
4781,446,8
4781,329,6
4781,222,6
4782,77,4
4782,201,6
4782,390,10
4782,131,10
4782,200,10
4783,285,7
4783,399,11
4783,269,6
4783,97,9
4783,18,10
4784,309,10
4784,162,4
4784,328,0
4784,292,6
4784,150,4
4785,264,10
4785,288,0
4785,59,2
4785,394,2
4785,280,5
4786,467,4
4786,384,4
4786,492,4
4786,31,8
4786,42,4
4787,322,10
4787,304,11
4787,65,0
4787,351,3
4787,107,0
4788,347,4
4788,376,8
4788,147,2
4788,259,4
4788,155,4
4789,44,10
4789,359,9
4789,461,4
4789,311,2
4789,209,3
4790,205,6
4790,122,3
4790,208,4
4790,395,6
4791,382,2
4791,174,11
4791,158,2
4791,154,2
4792,225,9
4792,269,4
4792,184,10
4792,235,5
4792,439,4
4793,249,10
4793,369,10
4793,447,10
4793,467,10
4793,318,7
4794,499,1
4794,308,10
4794,39,8
4794,279,8
4794,17,3
4795,238,10
4795,109,11
4795,177,9
4795,206,11
4795,63,2
4796,60,3
4796,442,0
4796,243,2
4796,180,0
4796,441,3
4797,248,9
4797,53,8
4797,65,3
4797,385,5
4797,301,1
4798,392,1
4798,261,2
4798,133,1
4798,153,1
4798,41,0
4799,89,2
4799,193,11
4799,44,6
4799,155,11
4799,41,11
4800,315,5
4800,319,6
4800,204,0
4800,449,2
4800,296,6
4801,433,4
4801,33,2
4801,427,4
4801,253,4
4801,250,4
4802,386,0
4802,421,0
4802,231,3
4802,389,0
4802,189,1
4803,316,10
4803,304,10
4803,124,10
4803,333,2
4803,38,8
4804,311,10
4804,418,3
4804,328,7
4804,231,1
4804,132,4
4805,327,4
4805,391,9
4805,39,4
4805,305,7
4805,212,4
4806,293,4
4806,217,4
4806,460,2
4806,360,8
4806,375,9
4807,8,4
4807,283,5
4807,318,4
4807,304,1
4807,169,2
4808,480,4
4808,276,5
4808,356,4
4808,91,3
4808,476,6
4809,288,5
4809,368,6
4809,273,9
4809,351,6
4809,32,1
4810,267,4
4810,379,8
4810,256,8
4810,36,11
4810,452,5
4811,449,0
4811,87,5
4811,62,5
4811,173,0
4811,302,5
4812,431,3
4812,384,3
4812,205,9
4812,223,1
4812,176,3
4813,92,1
4813,311,8
4813,454,10
4813,249,1
4813,125,1
4814,303,4
4814,432,0
4814,231,5
4814,3,4
4814,444,4
4815,44,9
4815,250,9
4815,469,9
4815,147,9
4815,199,1
4816,385,1
4816,219,3
4816,119,6
4816,48,8
4816,335,6
4817,64,7
4817,62,7
4817,77,3
4817,331,3
4817,381,7
4818,484,10
4818,267,3
4818,300,8
4818,420,9
4818,113,9
4819,142,11
4819,183,4
4819,332,4
4819,435,4
4819,208,9
4820,245,2
4820,42,1
4820,212,5
4820,170,3
4820,346,2
4821,83,10
4821,463,7
4821,285,4
4821,198,7
4821,45,7
4822,58,10
4822,348,11
4822,324,10
4822,192,10
4822,45,11
4823,68,0
4823,452,7
4823,358,4
4823,318,6
4823,47,1
4824,396,7
4824,162,3
4824,409,0
4824,324,0
4824,19,5
4825,229,3
4825,436,11
4825,390,9
4825,386,5
4825,498,3
4826,372,11
4826,237,9
4826,458,0
4826,445,10
4826,114,11
4827,80,2
4827,18,9
4827,4,2
4827,252,7
4827,496,10
4828,451,3
4828,145,4
4828,178,3
4828,74,3
4828,103,11
4829,466,10
4829,228,10
4829,115,6
4829,2,10
4829,46,10
4830,408,1
4830,109,0
4830,192,0
4830,230,0
4830,60,8
4831,32,8
4831,52,0
4831,249,1
4831,288,5
4831,186,0
4832,382,5
4832,326,10
4832,1,10
4832,181,3
4832,437,5
4833,150,0
4833,459,8
4833,431,9
4833,381,11
4833,266,8
4834,237,7
4834,323,8
4834,10,10
4834,338,10
4834,142,10
4835,72,1
4835,427,2
4835,381,1
4835,14,10
4835,157,2
4836,111,5
4836,45,1
4836,274,5
4836,472,5
4836,145,5
4837,439,4
4837,88,6
4837,234,3
4837,176,6
4837,277,0
4838,67,4
4838,110,10
4838,401,6
4838,78,3
4838,302,4
4839,437,1
4839,404,8
4839,18,2
4839,392,6
4839,447,1
4840,444,0
4840,336,0
4840,250,7
4840,390,0
4840,323,4
4841,256,3
4841,279,4
4841,30,7
4841,490,4
4841,444,4
4842,462,1
4842,169,3
4842,364,10
4842,326,1
4842,82,10
4843,4,7
4843,18,6
4843,157,9
4843,176,1
4843,145,1
4844,195,5
4844,222,5
4844,497,4
4844,178,5
4844,29,5
4845,406,3
4845,0,3
4845,363,11
4845,110,3
4845,62,3
4846,496,1
4846,438,10
4846,238,5
4846,291,10
4846,123,10
4847,120,10
4847,313,11
4847,10,2
4847,103,8
4847,189,5
4848,41,6
4848,286,4
4848,414,11
4848,191,6
4848,354,6
4849,225,9
4849,195,9
4849,486,9
4849,406,9
4849,461,9
4850,232,4
4850,170,4
4850,142,3
4850,46,7
4850,39,7
4851,165,6
4851,113,6
4851,294,6
4851,439,6
4851,57,6
4852,419,3
4852,166,3
4852,212,3
4852,409,0
4852,235,8
4853,241,3
4853,286,3
4853,426,5
4853,101,7
4853,180,2
4854,174,9
4854,181,5
4854,342,3
4854,231,9
4854,30,9
4855,12,1
4855,267,5
4855,228,4
4855,482,1
4855,181,1
4856,345,6
4856,311,0
4856,224,0
4856,124,0
4856,414,0
4857,498,0
4857,431,0
4857,492,9
4857,483,2
4857,24,9
4858,127,10
4858,429,2
4858,151,2
4858,81,2
4858,356,9
4859,170,1
4859,341,2
4859,432,0
4859,162,1
4859,4,4
4860,135,3
4860,234,5
4860,105,1
4860,231,5
4860,478,0
4861,55,8
4861,342,11
4861,433,8
4861,328,3
4861,479,3
4862,379,9
4862,361,2
4862,51,7
4862,182,2
4862,363,2
4863,462,11
4863,189,11
4863,26,11
4863,165,11
4863,285,11
4864,256,5
4864,410,10
4864,473,1
4864,294,0
4864,325,8
4865,264,7
4865,235,0
4865,397,8
4865,0,9
4865,345,7
4866,350,11
4866,189,3
4866,4,9
4866,2,3
4866,64,7
4867,350,4
4867,483,5
4867,429,4
4867,195,10
4867,312,10
4868,155,7
4868,99,11
4868,465,2
4868,471,5
4868,363,11
4869,429,8
4869,94,9
4869,131,8
4869,109,8
4869,166,8
4870,289,11
4870,336,1
4870,187,1
4870,63,8
4870,273,9
4871,463,2
4871,438,0
4871,460,0
4871,497,9
4871,240,5
4872,370,5
4872,356,10
4872,37,4
4872,273,4
4872,193,4
4873,366,10
4873,21,6
4873,474,6
4873,315,4
4873,173,0
4874,359,6
4874,150,5
4874,452,7
4874,305,2
4874,267,10
4875,436,9
4875,446,5
4875,269,11
4875,354,7
4875,279,9
4876,9,11
4876,29,11
4876,202,11
4876,379,9
4876,114,4
4877,332,4
4877,178,0
4877,277,0
4877,430,6
4877,244,7
4878,46,3
4878,204,3
4878,40,11
4878,323,3
4878,125,9
4879,36,2
4879,146,2
4879,499,3
4879,461,0
4879,200,2
4880,235,6
4880,9,6
4880,184,9
4880,406,11
4880,454,3
4881,101,1
4881,210,1
4881,127,3
4881,165,1
4881,346,7
4882,56,7
4882,380,8
4882,196,1
4882,347,1
4882,135,1
4883,30,0
4883,471,1
4883,105,0
4883,298,0
4883,397,2
4884,22,6
4884,311,9
4884,261,6
4884,434,6
4884,474,2
4885,4,10
4885,477,6
4885,253,3
4885,19,2
4885,216,8
4886,384,4
4886,411,9
4886,101,6
4886,128,6
4886,456,10
4887,415,8
4887,173,11
4887,66,10
4887,75,11
4887,223,9
4888,439,3
4888,356,3
4888,333,3
4888,244,7
4888,483,5
4889,274,4
4889,308,4
4889,12,4
4889,149,8
4889,345,4
4890,488,7
4890,408,5
4890,107,5
4890,357,8
4890,478,3
4891,283,7
4891,496,6
4891,296,6
4891,86,6
4891,320,6
4892,37,1
4892,128,11
4892,97,0
4892,28,7
4892,74,1
4893,421,3
4893,458,3
4893,478,3
4893,423,1
4893,490,6
4894,16,8
4894,306,8
4894,26,4
4894,474,1
4894,90,3
4895,476,2
4895,31,11
4895,336,6
4895,241,8
4895,467,8
4896,325,7
4896,343,7
4896,485,7
4896,1,3
4896,63,6
4897,260,8
4897,309,11
4897,201,4
4897,310,4
4897,266,4
4898,285,4
4898,345,4
4898,154,11
4898,147,1
4899,448,6
4899,357,1
4899,396,6
4899,4,2
4899,223,6
4900,250,7
4900,152,0
4900,349,5
4900,371,0
4900,29,0
4901,479,7
4901,202,0
4901,218,10
4901,377,10
4901,229,1
4902,31,3
4902,452,3
4902,135,10
4902,429,10
4902,409,11
4903,289,11
4903,432,6
4903,49,10
4903,151,6
4903,344,9
4904,35,5
4904,338,5
4904,16,8
4904,494,3
4904,125,8
4905,398,0
4905,368,2
4905,76,9
4905,81,8
4905,159,3
4906,297,8
4906,476,10
4906,158,8
4906,338,0
4906,299,8
4907,6,0
4907,438,0
4907,79,0
4907,27,0
4907,163,11
4908,302,4
4908,366,1
4908,123,4
4908,13,1
4908,246,4
4909,97,1
4909,426,9
4909,283,3
4909,261,8
4909,294,3
4910,397,6
4910,365,2
4910,194,2
4910,238,5
4910,130,2
4911,72,1
4911,99,1
4911,1,1
4911,379,9
4911,26,1
4912,93,1
4912,81,1
4912,320,8
4912,171,1
4912,236,1
4913,459,9
4913,485,10
4913,444,9
4913,296,9
4913,176,8
4914,493,5
4914,329,2
4914,373,8
4914,120,11
4914,116,0
4915,120,5
4915,449,11
4915,412,11
4915,237,1
4915,69,2
4916,105,7
4916,406,9
4916,89,2
4916,394,2
4916,100,9
4917,321,5
4917,419,1
4917,162,0
4917,409,3
4917,427,5
4918,250,3
4918,171,4
4918,356,10
4918,10,4
4918,53,11
4919,200,5
4919,157,0
4919,351,5
4919,495,5
4919,325,1
4920,146,11
4920,408,1
4920,195,9
4920,6,4
4920,490,8
4921,182,4
4921,68,4
4921,205,1
4921,110,6
4921,49,2
4922,228,8
4922,473,0
4922,246,11
4922,217,8
4922,229,8
4923,307,4
4923,404,9
4923,208,4
4923,263,4
4923,297,4
4924,138,10
4924,283,0
4924,332,1
4924,120,7
4924,148,9
4925,18,11
4925,466,11
4925,5,11
4925,268,11
4925,328,11
4926,394,3
4926,127,2
4926,420,2
4926,190,8
4926,450,8
4927,490,2
4927,79,4
4927,410,2
4927,265,0
4927,268,3
4928,94,7
4928,143,7
4928,104,0
4928,499,11
4928,34,7
4929,38,5
4929,116,6
4929,208,5
4929,258,5
4929,163,2
4930,6,9
4930,80,11
4930,483,11
4930,450,11
4930,389,11
4931,14,7
4931,259,4
4931,370,9
4931,170,7
4931,103,9
4932,289,11
4932,464,5
4932,275,2
4932,321,1
4932,394,1
4933,440,7
4933,443,0
4933,122,9
4933,33,10
4933,169,6
4934,193,9
4934,268,2
4934,471,2
4934,363,0
4934,455,2
4935,15,7
4935,170,5
4935,165,0
4935,250,5
4935,5,5
4936,7,4
4936,159,11
4936,206,3
4936,355,4
4936,265,4
4937,458,3
4937,426,6
4937,454,11
4937,320,6
4937,326,8
4938,184,2
4938,99,5
4938,203,8
4938,423,8
4938,264,0
4939,145,11
4939,131,8
4939,246,7
4939,254,7
4939,340,5
4940,408,2
4940,234,2
4940,425,2
4940,321,11
4940,58,4
4941,384,0
4941,23,5
4941,439,5
4941,232,9
4941,498,2
4942,58,9
4942,114,8
4942,101,3
4942,277,7
4942,202,8
4943,340,7
4943,57,11
4943,22,11
4943,342,11
4943,300,0
4944,445,2
4944,244,2
4944,343,2
4944,270,2
4944,166,5
4945,492,8
4945,230,8
4945,484,2
4945,1,8
4945,83,8
4946,450,0
4946,166,8
4946,124,8
4946,34,5
4946,253,8
4947,319,8
4947,495,0
4947,109,0
4947,290,0
4947,330,0
4948,87,11
4948,486,5
4948,260,11
4948,485,11
4948,374,10
4949,280,9
4949,133,6
4949,53,6
4949,177,3
4949,405,6
4950,142,1
4950,128,3
4950,454,3
4950,23,9
4950,338,3
4951,242,11
4951,383,11
4951,158,10
4951,198,10
4951,371,10
4952,286,8
4952,405,8
4952,63,4
4952,413,9
4952,16,10
4953,5,4
4953,94,4
4953,22,7
4953,462,4
4953,50,6
4954,302,11
4954,28,4
4954,268,3
4954,121,2
4954,415,2
4955,465,3
4955,49,11
4955,154,4
4955,41,9
4955,432,7
4956,27,1
4956,103,11
4956,175,7
4956,35,2
4956,343,11
4957,282,8
4957,405,8
4957,116,8
4957,346,8
4958,263,8
4958,345,4
4958,473,2
4958,253,0
4958,227,9
4959,238,5
4959,66,5
4959,68,1
4959,113,7
4959,457,1
4960,163,5
4960,73,5
4960,69,5
4960,234,8
4960,89,1
4961,186,5
4961,21,10
4961,256,4
4961,210,10
4961,357,7
4962,428,9
4962,497,8
4962,39,11
4962,129,9
4962,27,11
4963,401,1
4963,378,9
4963,436,1
4963,177,1
4963,496,3
4964,412,0
4964,482,5
4964,318,7
4964,218,11
4964,441,8
4965,45,9
4965,293,1
4965,287,7
4965,94,5
4965,107,4
4966,450,3
4966,347,3
4966,456,3
4966,146,8
4966,381,3
4967,58,4
4967,365,0
4967,62,0
4967,4,5
4967,127,2
4968,475,11
4968,113,7
4968,112,7
4968,421,7
4968,63,8
4969,410,4
4969,265,10
4969,300,9
4969,361,5
4969,226,7
4970,249,2
4970,418,2
4970,455,2
4970,19,2
4970,456,11
4971,460,1
4971,426,1
4971,423,9
4971,200,4
4971,357,2
4972,97,9
4972,375,7
4972,351,8
4972,74,9
4972,252,9
4973,51,5
4973,225,11
4973,58,0
4973,162,5
4973,426,10
4974,237,6
4974,417,4
4974,79,5
4974,338,11
4974,63,4
4975,108,1
4975,338,0
4975,300,7
4975,20,3
4975,398,3
4976,146,3
4976,154,9
4976,237,0
4976,191,8
4976,310,4
4977,257,3
4977,339,9
4977,374,9
4977,119,9
4977,262,7
4978,18,5
4978,380,5
4978,424,5
4978,320,5
4978,177,5
4979,102,2
4979,184,0
4979,14,5
4979,267,1
4979,417,5
4980,312,3
4980,321,10
4980,239,10
4980,384,3
4980,121,6
4981,73,1
4981,417,3
4981,167,6
4981,82,8
4981,161,4
4982,167,6
4982,433,11
4982,463,1
4982,196,6
4982,200,6
4983,109,8
4983,178,8
4983,214,2
4983,216,4
4983,108,10
4984,352,5
4984,69,5
4984,187,5
4984,156,3
4984,18,4
4985,174,6
4985,463,11
4985,377,11
4985,130,11
4985,305,2
4986,460,2
4986,319,2
4986,197,2
4986,485,5
4986,52,8
4987,51,7
4987,425,7
4987,184,9
4987,65,7
4987,229,7
4988,331,6
4988,460,9
4988,165,9
4988,321,10
4988,58,6
4989,255,8
4989,438,7
4989,355,4
4989,29,4
4989,205,1
4990,440,9
4990,109,6
4990,417,6
4990,49,11
4990,265,3
4991,255,11
4991,92,11
4991,390,9
4991,401,11
4991,264,0
4992,281,10
4992,89,6
4992,302,9
4992,226,0
4992,273,6
4993,378,7
4993,322,7
4993,49,2
4993,69,7
4993,314,7
4994,404,11
4994,354,11
4994,247,7
4994,101,7
4994,61,1
4995,59,4
4995,257,4
4995,180,1
4995,486,1
4995,397,2
4996,216,0
4996,387,0
4996,468,7
4996,451,0
4996,492,0
4997,268,4
4997,361,4
4997,52,10
4997,16,4
4997,284,4
4998,53,3
4998,65,3
4998,364,3
4998,229,10
4998,306,3
4999,416,11
4999,348,11
4999,267,11
4999,386,11
4999,205,11
