task_id,truth
0,4
1,6
2,1
3,9
4,6
5,4
6,8
7,5
8,8
9,9
10,6
11,5
12,9
13,1
14,8
15,1
16,5
17,1
18,2
19,8
20,4
21,5
22,3
23,1
24,4
25,9
26,7
27,9
28,7
29,7
30,8
31,0
32,6
33,9
34,8
35,9
36,7
37,3
38,8
39,2
40,3
41,4
42,1
43,5
44,7
45,9
46,2
47,8
48,1
49,5
50,3
51,3
52,8
53,2
54,1
55,8
56,0
57,7
58,5
59,0
60,2
61,4
62,8
63,4
64,0
65,8
66,6
67,8
68,5
69,3
70,8
71,8
72,3
73,3
74,6
75,0
76,1
77,0
78,4
79,8
80,5
81,4
82,2
83,6
84,7
85,5
86,3
87,4
88,6
89,2
90,7
91,7
92,3
93,9
94,0
95,7
96,7
97,8
98,8
99,5
100,8
101,6
102,5
103,8
104,8
105,2
106,5
107,0
108,4
109,4
110,4
111,4
112,5
113,6
114,1
115,8
116,0
117,5
118,9
119,7
120,0
121,4
122,3
123,2
124,3
125,6
126,8
127,7
128,5
129,3
130,8
131,5
132,3
133,0
134,2
135,5
136,5
137,0
138,9
139,8
140,8
141,2
142,0
143,1
144,6
145,8
146,7
147,9
148,3
149,5
150,4
151,8
152,8
153,8
154,6
155,8
156,9
157,3
158,4
159,5
160,9
161,6
162,3
163,2
164,4
165,4
166,5
167,6
168,0
169,3
170,5
171,2
172,0
173,0
174,6
175,9
176,4
177,4
178,3
179,4
180,6
181,1
182,8
183,4
184,3
185,9
186,6
187,0
188,8
189,9
190,3
191,8
192,9
193,8
194,8
195,3
196,8
197,2
198,9
199,1
200,9
201,3
202,1
203,5
204,6
205,8
206,8
207,3
208,4
209,0
210,7
211,6
212,2
213,4
214,4
215,5
216,1
217,1
218,5
219,1
220,1
221,3
222,7
223,7
224,9
225,8
226,4
227,3
228,6
229,4
230,7
231,9
232,8
233,0
234,8
235,4
236,1
237,8
238,7
239,5
240,4
241,2
242,4
243,2
244,2
245,4
246,6
247,8
248,4
249,6
250,0
251,8
252,7
253,6
254,1
255,8
256,4
257,6
258,6
259,6
260,9
261,9
262,9
263,8
264,3
265,3
266,7
267,1
268,2
269,5
270,3
271,2
272,4
273,2
274,9
275,3
276,2
277,8
278,3
279,4
280,6
281,3
282,1
283,9
284,2
285,6
286,4
287,2
288,5
289,4
290,0
291,9
292,0
293,8
294,0
295,6
296,8
297,1
298,1
299,4
300,2
301,6
302,3
303,7
304,3
305,0
306,6
307,7
308,3
309,9
310,2
311,3
312,2
313,5
314,9
315,2
316,5
317,4
318,1
319,2
320,0
321,2
322,9
323,9
324,6
325,0
326,2
327,0
328,5
329,0
330,2
331,7
332,2
333,4
334,6
335,7
336,1
337,4
338,5
339,1
340,3
341,6
342,1
343,7
344,5
345,0
346,2
347,8
348,2
349,9
350,1
351,2
352,6
353,6
354,4
355,4
356,9
357,6
358,0
359,7
360,4
361,9
362,7
363,0
364,0
365,1
366,9
367,0
368,1
369,6
370,7
371,8
372,4
373,0
374,0
375,7
376,4
377,9
378,6
379,9
380,2
381,5
382,5
383,5
384,3
385,4
386,6
387,1
388,7
389,6
390,7
391,2
392,2
393,5
394,3
395,2
396,6
397,0
398,0
399,5
400,4
401,6
402,0
403,7
404,9
405,6
406,1
407,4
408,9
409,0
410,8
411,3
412,6
413,0
414,9
415,3
416,3
417,3
418,8
419,1
420,4
421,7
422,7
423,5
424,3
425,5
426,2
427,3
428,3
429,5
430,8
431,3
432,0
433,3
434,6
435,6
436,3
437,2
438,5
439,9
440,9
441,4
442,2
443,9
444,5
445,4
446,8
447,4
448,0
449,1
450,6
451,6
452,6
453,3
454,5
455,9
456,5
457,4
458,3
459,6
460,2
461,4
462,6
463,1
464,8
465,1
466,6
467,6
468,9
469,0
470,5
471,8
472,7
473,6
474,8
475,6
476,5
477,3
478,0
479,4
480,1
481,1
482,5
483,5
484,6
485,2
486,3
487,7
488,0
489,1
490,0
491,2
492,9
493,6
494,3
495,9
496,3
497,0
498,2
499,6
500,4
501,7
502,3
503,5
504,2
505,0
506,0
507,0
508,2
509,3
510,8
511,9
512,6
513,7
514,4
515,4
516,2
517,9
518,0
519,5
520,1
521,9
522,5
523,4
524,5
525,3
526,7
527,8
528,6
529,3
530,3
531,8
532,7
533,9
534,2
535,8
536,0
537,1
538,5
539,7
540,2
541,1
542,2
543,1
544,4
545,2
546,5
547,7
548,7
549,1
550,0
551,3
552,7
553,6
554,5
555,3
556,8
557,1
558,7
559,8
560,4
561,0
562,9
563,4
564,4
565,7
566,0
567,5
568,1
569,4
570,4
571,6
572,2
573,9
574,7
575,7
576,9
577,9
578,6
579,1
580,7
581,7
582,5
583,0
584,9
585,7
586,6
587,4
588,2
589,1
590,7
591,7
592,7
593,5
594,1
595,7
596,4
597,1
598,7
599,0
600,5
601,1
602,8
603,9
604,3
605,7
606,4
607,7
608,8
609,4
610,3
611,3
612,0
613,9
614,5
615,8
616,3
617,8
618,6
619,8
620,6
621,7
622,9
623,8
624,4
625,5
626,9
627,1
628,2
629,1
630,3
631,9
632,8
633,9
634,2
635,4
636,4
637,3
638,4
639,0
640,4
641,4
642,1
643,4
644,4
645,6
646,8
647,3
648,8
649,5
650,5
651,1
652,0
653,3
654,6
655,6
656,3
657,1
658,4
659,6
660,1
661,6
662,6
663,6
664,0
665,0
666,8
667,0
668,6
669,6
670,9
671,7
672,6
673,3
674,6
675,0
676,8
677,3
678,4
679,4
680,0
681,8
682,7
683,8
684,4
685,4
686,8
687,3
688,9
689,8
690,9
691,9
692,3
693,9
694,6
695,6
696,6
697,3
698,4
699,9
700,0
701,0
702,8
703,6
704,5
705,0
706,0
707,3
708,2
709,4
710,8
711,3
712,8
713,4
714,8
715,3
716,5
717,6
718,9
719,3
720,5
721,3
722,0
723,9
724,5
725,8
726,6
727,2
728,3
729,0
730,7
731,7
732,4
733,3
734,1
735,9
736,7
737,0
738,5
739,6
740,1
741,5
742,7
743,1
744,0
745,3
746,8
747,3
748,3
749,6
750,0
751,6
752,8
753,8
754,8
755,4
756,0
757,2
758,1
759,4
760,1
761,1
762,2
763,8
764,9
765,9
766,3
767,7
768,2
769,4
770,4
771,3
772,3
773,1
774,9
775,9
776,6
777,4
778,5
779,8
780,6
781,9
782,6
783,7
784,6
785,6
786,0
787,7
788,9
789,6
790,0
791,2
792,3
793,2
794,1
795,6
796,0
797,2
798,2
799,7
800,7
801,9
802,6
803,3
804,4
805,1
806,0
807,8
808,9
809,5
810,0
811,3
812,7
813,7
814,5
815,7
816,2
817,5
818,0
819,8
820,7
821,9
822,5
823,4
824,2
825,2
826,6
827,0
828,4
829,2
830,4
831,6
832,0
833,3
834,3
835,1
836,9
837,4
838,7
839,5
840,6
841,0
842,5
843,2
844,7
845,7
846,3
847,8
848,2
849,1
850,8
851,0
852,6
853,2
854,8
855,3
856,8
857,3
858,0
859,3
860,3
861,1
862,2
863,6
864,5
865,4
866,3
867,9
868,1
869,2
870,6
871,8
872,8
873,9
874,1
875,8
876,1
877,7
878,1
879,4
880,5
881,3
882,9
883,1
884,4
885,3
886,5
887,8
888,3
889,4
890,9
891,2
892,1
893,4
894,1
895,2
896,1
897,0
898,4
899,3
900,8
901,5
902,9
903,0
904,5
905,6
906,0
907,7
908,8
909,0
910,1
911,0
912,9
913,2
914,4
915,7
916,5
917,7
918,7
919,0
920,9
921,4
922,2
923,6
924,6
925,8
926,9
927,4
928,5
929,0
930,9
931,8
932,8
933,7
934,8
935,4
936,6
937,4
938,8
939,9
940,8
941,2
942,8
943,6
944,0
945,1
946,4
947,5
948,4
949,6
950,2
951,0
952,3
953,1
954,8
955,8
956,9
957,9
958,4
959,7
960,4
961,3
962,7
963,7
964,6
965,4
966,2
967,8
968,2
969,9
970,1
971,4
972,5
973,4
974,9
975,2
976,9
977,1
978,7
979,0
980,2
981,8
982,9
983,3
984,3
985,4
986,5
987,2
988,7
989,1
990,9
991,5
992,5
993,6
994,9
995,5
996,4
997,8
998,5
999,2
1000,5
1001,8
1002,5
1003,3
1004,2
1005,5
1006,2
1007,3
1008,3
1009,7
1010,5
1011,8
1012,1
1013,8
1014,8
1015,9
1016,2
1017,7
1018,6
1019,0
1020,6
1021,1
1022,2
1023,7
1024,8
1025,5
1026,1
1027,1
1028,9
1029,2
1030,5
1031,6
1032,1
1033,7
1034,5
1035,3
1036,4
1037,9
1038,8
1039,6
1040,6
1041,4
1042,6
1043,2
1044,9
1045,4
1046,6
1047,9
1048,6
1049,1
1050,8
1051,0
1052,4
1053,8
1054,8
1055,4
1056,9
1057,4
1058,2
1059,8
1060,0
1061,1
1062,0
1063,2
1064,5
1065,1
1066,8
1067,1
1068,3
1069,7
1070,1
1071,7
1072,1
1073,4
1074,1
1075,0
1076,0
1077,2
1078,8
1079,8
1080,6
1081,0
1082,1
1083,3
1084,1
1085,1
1086,1
1087,3
1088,1
1089,0
1090,2
1091,9
1092,5
1093,5
1094,3
1095,6
1096,5
1097,4
1098,4
1099,3
1100,6
1101,4
1102,5
1103,7
1104,4
1105,8
1106,3
1107,9
1108,6
1109,1
1110,4
1111,5
1112,4
1113,7
1114,6
1115,1
1116,9
1117,8
1118,7
1119,8
1120,5
1121,7
1122,3
1123,7
1124,7
1125,6
1126,7
1127,4
1128,7
1129,3
1130,8
1131,1
1132,9
1133,6
1134,8
1135,2
1136,4
1137,1
1138,8
1139,2
1140,8
1141,8
1142,6
1143,8
1144,5
1145,1
1146,4
1147,5
1148,0
1149,4
1150,7
1151,5
1152,1
1153,2
1154,9
1155,0
1156,6
1157,8
1158,3
1159,1
1160,6
1161,4
1162,9
1163,1
1164,2
1165,3
1166,5
1167,8
1168,7
1169,9
1170,5
1171,2
1172,2
1173,7
1174,9
1175,4
1176,5
1177,9
1178,0
1179,2
1180,9
1181,6
1182,0
1183,9
1184,9
1185,4
1186,6
1187,4
1188,3
1189,1
1190,4
1191,6
1192,0
1193,9
1194,5
1195,4
1196,0
1197,6
1198,3
1199,3
1200,8
1201,1
1202,7
1203,3
1204,2
1205,3
1206,5
1207,9
1208,6
1209,9
1210,5
1211,6
1212,5
1213,8
1214,1
1215,3
1216,7
1217,0
1218,4
1219,3
1220,4
1221,5
1222,3
1223,4
1224,5
1225,7
1226,8
1227,0
1228,2
1229,2
1230,1
1231,5
1232,8
1233,5
1234,6
1235,6
1236,5
1237,5
1238,3
1239,7
1240,0
1241,8
1242,6
1243,9
1244,8
1245,6
1246,2
1247,3
1248,2
1249,9
1250,0
1251,7
1252,7
1253,8
1254,6
1255,2
1256,7
1257,4
1258,6
1259,2
1260,9
1261,6
1262,8
1263,8
1264,5
1265,4
1266,9
1267,6
1268,8
1269,1
1270,8
1271,7
1272,5
1273,1
1274,6
1275,6
1276,0
1277,0
1278,2
1279,6
1280,8
1281,0
1282,5
1283,4
1284,4
1285,2
1286,2
1287,6
1288,6
1289,0
1290,2
1291,1
1292,7
1293,1
1294,6
1295,8
1296,3
1297,3
1298,7
1299,9
1300,9
1301,8
1302,1
1303,7
1304,3
1305,0
1306,8
1307,3
1308,9
1309,4
1310,9
1311,3
1312,1
1313,9
1314,8
1315,6
1316,1
1317,7
1318,3
1319,9
1320,5
1321,3
1322,4
1323,9
1324,1
1325,7
1326,1
1327,4
1328,5
1329,1
1330,9
1331,1
1332,2
1333,0
1334,0
1335,3
1336,1
1337,5
1338,6
1339,8
1340,9
1341,2
1342,5
1343,3
1344,4
1345,2
1346,5
1347,5
1348,7
1349,1
1350,5
1351,5
1352,7
1353,1
1354,4
1355,9
1356,6
1357,7
1358,4
1359,9
1360,9
1361,5
1362,6
1363,6
1364,8
1365,9
1366,4
1367,2
1368,1
1369,7
1370,3
1371,9
1372,4
1373,8
1374,9
1375,7
1376,9
1377,4
1378,1
1379,6
1380,0
1381,1
1382,8
1383,8
1384,6
1385,6
1386,3
1387,3
1388,6
1389,9
1390,4
1391,9
1392,0
1393,2
1394,4
1395,7
1396,7
1397,7
1398,7
1399,7
1400,8
1401,9
1402,8
1403,7
1404,4
1405,4
1406,3
1407,0
1408,4
1409,9
1410,4
1411,4
1412,6
1413,4
1414,3
1415,5
1416,8
1417,2
1418,8
1419,1
1420,4
1421,1
1422,9
1423,9
1424,6
1425,9
1426,3
1427,8
1428,0
1429,2
1430,9
1431,0
1432,5
1433,9
1434,2
1435,5
1436,4
1437,2
1438,3
1439,0
1440,3
1441,1
1442,0
1443,4
1444,9
1445,5
1446,9
1447,6
1448,4
1449,4
1450,3
1451,5
1452,2
1453,7
1454,7
1455,4
1456,4
1457,0
1458,0
1459,0
1460,5
1461,1
1462,3
1463,0
1464,3
1465,5
1466,2
1467,8
1468,0
1469,6
1470,5
1471,4
1472,5
1473,5
1474,8
1475,9
1476,7
1477,4
1478,3
1479,9
1480,1
1481,9
1482,0
1483,5
1484,8
1485,7
1486,7
1487,6
1488,6
1489,7
1490,7
1491,0
1492,4
1493,1
1494,8
1495,1
1496,1
1497,3
1498,7
1499,4
1500,7
1501,0
1502,6
1503,7
1504,1
1505,3
1506,4
1507,0
1508,4
1509,9
1510,2
1511,6
1512,2
1513,7
1514,4
1515,1
1516,2
1517,3
1518,9
1519,0
1520,6
1521,3
1522,8
1523,8
1524,4
1525,3
1526,3
1527,9
1528,2
1529,7
1530,7
1531,3
1532,9
1533,1
1534,2
1535,2
1536,1
1537,6
1538,3
1539,8
1540,3
1541,6
1542,0
1543,8
1544,6
1545,9
1546,2
1547,7
1548,4
1549,8
1550,4
1551,3
1552,6
1553,8
1554,4
1555,5
1556,9
1557,7
1558,9
1559,0
1560,3
1561,2
1562,1
1563,3
1564,3
1565,9
1566,8
1567,4
1568,5
1569,8
1570,4
1571,1
1572,9
1573,8
1574,2
1575,2
1576,8
1577,3
1578,2
1579,6
1580,5
1581,0
1582,2
1583,8
1584,2
1585,0
1586,8
1587,2
1588,6
1589,6
1590,0
1591,5
1592,4
1593,4
1594,4
1595,7
1596,7
1597,4
1598,3
1599,3
1600,5
1601,6
1602,7
1603,6
1604,3
1605,9
1606,7
1607,5
1608,9
1609,8
1610,9
1611,4
1612,5
1613,4
1614,0
1615,4
1616,4
1617,5
1618,3
1619,2
1620,6
1621,0
1622,8
1623,9
1624,2
1625,8
1626,0
1627,1
1628,4
1629,8
1630,9
1631,3
1632,0
1633,1
1634,8
1635,0
1636,1
1637,4
1638,9
1639,5
1640,3
1641,2
1642,4
1643,7
1644,4
1645,6
1646,7
1647,1
1648,9
1649,1
1650,4
1651,1
1652,9
1653,4
1654,6
1655,6
1656,1
1657,6
1658,9
1659,9
1660,8
1661,6
1662,4
1663,4
1664,4
1665,5
1666,2
1667,6
1668,3
1669,5
1670,4
1671,1
1672,5
1673,0
1674,2
1675,9
1676,4
1677,8
1678,4
1679,6
1680,9
1681,5
1682,9
1683,7
1684,5
1685,1
1686,6
1687,0
1688,6
1689,7
1690,1
1691,3
1692,1
1693,9
1694,0
1695,3
1696,3
1697,4
1698,3
1699,6
1700,9
1701,2
1702,3
1703,7
1704,8
1705,1
1706,8
1707,1
1708,5
1709,0
1710,5
1711,7
1712,7
1713,7
1714,0
1715,5
1716,7
1717,8
1718,6
1719,1
1720,7
1721,2
1722,1
1723,6
1724,3
1725,7
1726,8
1727,0
1728,1
1729,2
1730,9
1731,2
1732,5
1733,4
1734,4
1735,5
1736,8
1737,8
1738,8
1739,0
1740,1
1741,8
1742,7
1743,9
1744,7
1745,9
1746,5
1747,4
1748,4
1749,9
1750,1
1751,2
1752,1
1753,2
1754,3
1755,9
1756,1
1757,1
1758,8
1759,0
1760,6
1761,2
1762,6
1763,4
1764,0
1765,7
1766,0
1767,5
1768,1
1769,2
1770,0
1771,1
1772,2
1773,3
1774,2
1775,6
1776,6
1777,7
1778,7
1779,6
1780,1
1781,6
1782,7
1783,0
1784,2
1785,0
1786,1
1787,1
1788,1
1789,5
1790,3
1791,3
1792,2
1793,3
1794,7
1795,4
1796,1
1797,5
1798,9
1799,7
1800,0
1801,0
1802,8
1803,7
1804,5
1805,3
1806,4
1807,2
1808,1
1809,7
1810,8
1811,8
1812,3
1813,3
1814,3
1815,6
1816,4
1817,6
1818,3
1819,9
1820,5
1821,2
1822,9
1823,7
1824,6
1825,4
1826,6
1827,5
1828,5
1829,8
1830,5
1831,8
1832,6
1833,4
1834,7
1835,6
1836,9
1837,6
1838,3
1839,3
1840,6
1841,4
1842,8
1843,2
1844,9
1845,1
1846,5
1847,1
1848,6
1849,2
1850,3
1851,6
1852,5
1853,4
1854,1
1855,1
1856,8
1857,4
1858,4
1859,2
1860,5
1861,2
1862,7
1863,7
1864,2
1865,0
1866,5
1867,5
1868,6
1869,9
1870,5
1871,2
1872,9
1873,1
1874,7
1875,7
1876,7
1877,5
1878,4
1879,7
1880,7
1881,1
1882,9
1883,0
1884,3
1885,4
1886,9
1887,5
1888,8
1889,6
1890,0
1891,7
1892,2
1893,6
1894,4
1895,7
1896,7
1897,2
1898,7
1899,1
1900,7
1901,6
1902,4
1903,5
1904,6
1905,8
1906,8
1907,7
1908,1
1909,5
1910,5
1911,4
1912,2
1913,7
1914,8
1915,2
1916,4
1917,2
1918,9
1919,8
1920,5
1921,8
1922,3
1923,0
1924,8
1925,7
1926,8
1927,5
1928,7
1929,9
1930,9
1931,5
1932,7
1933,7
1934,0
1935,9
1936,9
1937,3
1938,8
1939,1
1940,2
1941,0
1942,6
1943,0
1944,2
1945,6
1946,9
1947,8
1948,2
1949,3
1950,3
1951,1
1952,4
1953,4
1954,4
1955,2
1956,6
1957,6
1958,8
1959,5
1960,8
1961,8
1962,8
1963,9
1964,4
1965,5
1966,4
1967,1
1968,9
1969,5
1970,0
1971,9
1972,5
1973,9
1974,3
1975,1
1976,1
1977,6
1978,8
1979,9
1980,8
1981,2
1982,6
1983,2
1984,0
1985,6
1986,1
1987,8
1988,2
1989,9
1990,0
1991,2
1992,8
1993,8
1994,9
1995,9
1996,9
1997,1
1998,9
1999,9
2000,8
2001,3
2002,1
2003,9
2004,0
2005,0
2006,5
2007,7
2008,4
2009,5
2010,2
2011,2
2012,6
2013,6
2014,0
2015,2
2016,7
2017,5
2018,5
2019,6
2020,7
2021,9
2022,1
2023,1
2024,9
2025,8
2026,0
2027,9
2028,8
2029,8
2030,5
2031,4
2032,8
2033,2
2034,4
2035,7
2036,5
2037,3
2038,7
2039,2
2040,7
2041,4
2042,4
2043,7
2044,1
2045,1
2046,2
2047,5
2048,4
2049,8
2050,8
2051,7
2052,0
2053,0
2054,1
2055,9
2056,8
2057,3
2058,3
2059,0
2060,9
2061,9
2062,0
2063,8
2064,6
2065,6
2066,6
2067,5
2068,7
2069,8
2070,7
2071,4
2072,1
2073,0
2074,5
2075,9
2076,8
2077,8
2078,9
2079,7
2080,8
2081,5
2082,4
2083,5
2084,8
2085,6
2086,4
2087,4
2088,3
2089,3
2090,8
2091,3
2092,9
2093,0
2094,1
2095,5
2096,6
2097,3
2098,5
2099,2
2100,5
2101,7
2102,1
2103,5
2104,1
2105,4
2106,5
2107,8
2108,4
2109,7
2110,6
2111,5
2112,0
2113,0
2114,3
2115,7
2116,9
2117,6
2118,5
2119,3
2120,3
2121,9
2122,2
2123,6
2124,6
2125,8
2126,1
2127,4
2128,8
2129,4
2130,6
2131,4
2132,4
2133,7
2134,5
2135,5
2136,6
2137,7
2138,9
2139,5
2140,5
2141,0
2142,8
2143,9
2144,6
2145,5
2146,4
2147,0
2148,4
2149,1
2150,6
2151,2
2152,2
2153,9
2154,7
2155,3
2156,7
2157,3
2158,8
2159,3
2160,1
2161,6
2162,7
2163,1
2164,3
2165,1
2166,4
2167,7
2168,3
2169,1
2170,9
2171,4
2172,0
2173,8
2174,5
2175,7
2176,8
2177,0
2178,7
2179,7
2180,2
2181,4
2182,9
2183,6
2184,7
2185,3
2186,7
2187,2
2188,9
2189,3
2190,0
2191,4
2192,2
2193,7
2194,7
2195,4
2196,7
2197,6
2198,8
2199,7
2200,6
2201,2
2202,2
2203,1
2204,6
2205,4
2206,3
2207,1
2208,9
2209,8
2210,1
2211,3
2212,7
2213,5
2214,9
2215,2
2216,1
2217,7
2218,2
2219,5
2220,6
2221,4
2222,3
2223,9
2224,1
2225,5
2226,2
2227,5
2228,4
2229,6
2230,8
2231,6
2232,7
2233,8
2234,0
2235,5
2236,3
2237,2
2238,8
2239,0
2240,9
2241,3
2242,2
2243,3
2244,9
2245,1
2246,4
2247,4
2248,8
2249,3
2250,7
2251,1
2252,2
2253,7
2254,8
2255,7
2256,2
2257,4
2258,1
2259,1
2260,2
2261,3
2262,3
2263,7
2264,7
2265,9
2266,7
2267,7
2268,0
2269,4
2270,3
2271,4
2272,1
2273,8
2274,3
2275,6
2276,1
2277,4
2278,7
2279,0
2280,8
2281,7
2282,8
2283,1
2284,2
2285,8
2286,8
2287,9
2288,9
2289,2
2290,8
2291,3
2292,6
2293,9
2294,5
2295,2
2296,9
2297,1
2298,4
2299,4
2300,4
2301,1
2302,9
2303,1
2304,9
2305,1
2306,1
2307,8
2308,2
2309,9
2310,9
2311,9
2312,6
2313,6
2314,6
2315,1
2316,3
2317,9
2318,4
2319,6
2320,9
2321,5
2322,2
2323,9
2324,5
2325,9
2326,2
2327,8
2328,3
2329,1
2330,5
2331,4
2332,2
2333,7
2334,4
2335,2
2336,2
2337,9
2338,4
2339,9
2340,2
2341,3
2342,0
2343,9
2344,4
2345,2
2346,4
2347,0
2348,0
2349,9
2350,3
2351,7
2352,3
2353,0
2354,3
2355,7
2356,2
2357,9
2358,2
2359,2
2360,1
2361,8
2362,8
2363,4
2364,2
2365,1
2366,3
2367,9
2368,3
2369,4
2370,8
2371,4
2372,6
2373,4
2374,6
2375,1
2376,8
2377,9
2378,0
2379,3
2380,1
2381,4
2382,1
2383,1
2384,9
2385,9
2386,2
2387,2
2388,9
2389,5
2390,2
2391,9
2392,1
2393,6
2394,1
2395,0
2396,1
2397,7
2398,2
2399,1
2400,6
2401,4
2402,4
2403,1
2404,6
2405,1
2406,6
2407,8
2408,2
2409,3
2410,2
2411,0
2412,1
2413,2
2414,8
2415,5
2416,3
2417,4
2418,9
2419,3
2420,8
2421,0
2422,5
2423,3
2424,6
2425,0
2426,6
2427,1
2428,7
2429,1
2430,2
2431,1
2432,0
2433,3
2434,5
2435,8
2436,1
2437,7
2438,0
2439,8
2440,2
2441,7
2442,1
2443,0
2444,9
2445,7
2446,8
2447,4
2448,5
2449,5
2450,3
2451,6
2452,6
2453,5
2454,2
2455,3
2456,8
2457,1
2458,4
2459,2
2460,0
2461,1
2462,1
2463,0
2464,7
2465,3
2466,3
2467,1
2468,8
2469,8
2470,9
2471,2
2472,1
2473,2
2474,2
2475,7
2476,4
2477,0
2478,4
2479,7
2480,8
2481,4
2482,8
2483,1
2484,2
2485,3
2486,6
2487,3
2488,9
2489,4
2490,6
2491,3
2492,3
2493,9
2494,6
2495,8
2496,5
2497,7
2498,4
2499,0
2500,3
2501,4
2502,5
2503,2
2504,9
2505,1
2506,4
2507,0
2508,0
2509,0
2510,6
2511,0
2512,4
2513,9
2514,6
2515,3
2516,6
2517,9
2518,7
2519,7
2520,5
2521,5
2522,2
2523,0
2524,1
2525,5
2526,6
2527,5
2528,5
2529,0
2530,5
2531,6
2532,2
2533,5
2534,0
2535,5
2536,7
2537,8
2538,3
2539,1
2540,7
2541,8
2542,5
2543,4
2544,3
2545,1
2546,4
2547,9
2548,5
2549,1
2550,6
2551,5
2552,6
2553,6
2554,7
2555,7
2556,8
2557,3
2558,8
2559,2
2560,5
2561,1
2562,4
2563,8
2564,0
2565,1
2566,2
2567,8
2568,5
2569,5
2570,4
2571,6
2572,1
2573,0
2574,1
2575,5
2576,9
2577,4
2578,7
2579,5
2580,5
2581,0
2582,0
2583,8
2584,7
2585,1
2586,9
2587,3
2588,8
2589,0
2590,3
2591,4
2592,3
2593,0
2594,9
2595,9
2596,5
2597,7
2598,0
2599,4
2600,2
2601,5
2602,7
2603,1
2604,4
2605,4
2606,5
2607,9
2608,7
2609,2
2610,7
2611,0
2612,6
2613,9
2614,8
2615,9
2616,6
2617,7
2618,0
2619,8
2620,6
2621,6
2622,0
2623,9
2624,8
2625,0
2626,1
2627,4
2628,4
2629,0
2630,9
2631,1
2632,4
2633,0
2634,1
2635,5
2636,8
2637,6
2638,3
2639,1
2640,8
2641,1
2642,5
2643,8
2644,7
2645,0
2646,9
2647,9
2648,1
2649,2
2650,6
2651,5
2652,1
2653,3
2654,1
2655,9
2656,8
2657,3
2658,3
2659,4
2660,0
2661,3
2662,0
2663,1
2664,5
2665,5
2666,7
2667,0
2668,8
2669,9
2670,6
2671,5
2672,2
2673,4
2674,2
2675,2
2676,7
2677,1
2678,2
2679,8
2680,8
2681,9
2682,2
2683,8
2684,7
2685,8
2686,3
2687,0
2688,4
2689,1
2690,4
2691,6
2692,8
2693,2
2694,9
2695,6
2696,8
2697,6
2698,1
2699,1
2700,9
2701,2
2702,4
2703,6
2704,8
2705,0
2706,5
2707,2
2708,9
2709,5
2710,6
2711,9
2712,4
2713,6
2714,5
2715,5
2716,1
2717,1
2718,3
2719,9
2720,8
2721,7
2722,8
2723,1
2724,3
2725,1
2726,4
2727,8
2728,3
2729,3
2730,3
2731,5
2732,3
2733,6
2734,1
2735,2
2736,5
2737,4
2738,5
2739,6
2740,5
2741,3
2742,8
2743,7
2744,0
2745,7
2746,1
2747,5
2748,8
2749,6
2750,4
2751,2
2752,6
2753,9
2754,1
2755,1
2756,3
2757,6
2758,8
2759,2
2760,2
2761,9
2762,8
2763,6
2764,6
2765,9
2766,5
2767,1
2768,5
2769,3
2770,6
2771,2
2772,3
2773,9
2774,4
2775,9
2776,8
2777,7
2778,0
2779,5
2780,4
2781,3
2782,0
2783,9
2784,9
2785,4
2786,7
2787,5
2788,6
2789,7
2790,4
2791,8
2792,6
2793,6
2794,0
2795,0
2796,8
2797,9
2798,0
2799,4
2800,8
2801,7
2802,3
2803,9
2804,9
2805,1
2806,5
2807,5
2808,0
2809,3
2810,1
2811,2
2812,1
2813,3
2814,9
2815,2
2816,2
2817,5
2818,5
2819,7
2820,6
2821,1
2822,8
2823,3
2824,7
2825,7
2826,3
2827,1
2828,2
2829,5
2830,1
2831,0
2832,0
2833,7
2834,5
2835,6
2836,5
2837,8
2838,4
2839,1
2840,2
2841,0
2842,7
2843,1
2844,8
2845,0
2846,8
2847,3
2848,5
2849,5
2850,7
2851,0
2852,3
2853,4
2854,4
2855,5
2856,0
2857,5
2858,6
2859,3
2860,6
2861,2
2862,5
2863,6
2864,7
2865,2
2866,4
2867,9
2868,2
2869,1
2870,6
2871,9
2872,3
2873,4
2874,6
2875,8
2876,7
2877,5
2878,5
2879,3
2880,6
2881,2
2882,4
2883,5
2884,6
2885,7
2886,4
2887,3
2888,1
2889,8
2890,6
2891,8
2892,8
2893,6
2894,4
2895,9
2896,3
2897,6
2898,5
2899,2
2900,8
2901,0
2902,3
2903,7
2904,8
2905,2
2906,8
2907,1
2908,0
2909,9
2910,6
2911,3
2912,2
2913,5
2914,6
2915,6
2916,9
2917,8
2918,8
2919,0
2920,0
2921,5
2922,8
2923,3
2924,4
2925,5
2926,5
2927,5
2928,3
2929,7
2930,7
2931,4
2932,2
2933,4
2934,1
2935,8
2936,7
2937,7
2938,4
2939,0
2940,5
2941,0
2942,0
2943,7
2944,2
2945,2
2946,0
2947,7
2948,2
2949,1
2950,7
2951,8
2952,5
2953,0
2954,3
2955,6
2956,5
2957,7
2958,8
2959,7
2960,2
2961,9
2962,9
2963,6
2964,3
2965,6
2966,3
2967,8
2968,7
2969,2
2970,5
2971,3
2972,1
2973,8
2974,9
2975,6
2976,2
2977,4
2978,0
2979,0
2980,7
2981,0
2982,1
2983,4
2984,1
2985,2
2986,5
2987,5
2988,2
2989,3
2990,6
2991,3
2992,6
2993,6
2994,7
2995,8
2996,2
2997,2
2998,7
2999,7
3000,9
3001,3
3002,9
3003,3
3004,6
3005,3
3006,9
3007,6
3008,1
3009,8
3010,0
3011,1
3012,0
3013,6
3014,2
3015,8
3016,6
3017,4
3018,8
3019,2
3020,9
3021,9
3022,3
3023,2
3024,4
3025,6
3026,6
3027,7
3028,1
3029,7
3030,4
3031,4
3032,3
3033,3
3034,9
3035,5
3036,5
3037,5
3038,6
3039,3
3040,2
3041,7
3042,4
3043,9
3044,3
3045,7
3046,6
3047,5
3048,7
3049,0
3050,5
3051,6
3052,1
3053,3
3054,9
3055,9
3056,4
3057,4
3058,8
3059,0
3060,8
3061,0
3062,7
3063,4
3064,1
3065,0
3066,2
3067,7
3068,2
3069,5
3070,9
3071,8
3072,5
3073,1
3074,5
3075,3
3076,6
3077,9
3078,8
3079,2
3080,6
3081,6
3082,3
3083,8
3084,9
3085,7
3086,9
3087,3
3088,5
3089,5
3090,9
3091,0
3092,2
3093,4
3094,5
3095,3
3096,9
3097,4
3098,8
3099,7
3100,5
3101,2
3102,4
3103,4
3104,3
3105,5
3106,8
3107,1
3108,7
3109,6
3110,9
3111,4
3112,0
3113,3
3114,8
3115,2
3116,3
3117,3
3118,4
3119,6
3120,8
3121,7
3122,9
3123,4
3124,0
3125,5
3126,3
3127,5
3128,2
3129,9
3130,6
3131,3
3132,6
3133,4
3134,5
3135,5
3136,1
3137,4
3138,7
3139,7
3140,9
3141,9
3142,5
3143,9
3144,1
3145,5
3146,3
3147,6
3148,6
3149,8
3150,1
3151,8
3152,7
3153,3
3154,8
3155,4
3156,9
3157,3
3158,6
3159,4
3160,7
3161,2
3162,1
3163,1
3164,3
3165,3
3166,9
3167,5
3168,3
3169,7
3170,6
3171,1
3172,5
3173,0
3174,8
3175,0
3176,5
3177,2
3178,4
3179,5
3180,1
3181,0
3182,6
3183,6
3184,1
3185,3
3186,1
3187,5
3188,6
3189,6
3190,4
3191,8
3192,1
3193,3
3194,1
3195,8
3196,2
3197,0
3198,3
3199,5
3200,4
3201,0
3202,7
3203,6
3204,2
3205,5
3206,4
3207,1
3208,4
3209,3
3210,3
3211,7
3212,0
3213,9
3214,5
3215,5
3216,0
3217,5
3218,3
3219,5
3220,4
3221,9
3222,2
3223,4
3224,9
3225,9
3226,9
3227,8
3228,7
3229,3
3230,6
3231,2
3232,5
3233,8
3234,0
3235,6
3236,3
3237,4
3238,0
3239,5
3240,1
3241,7
3242,6
3243,8
3244,3
3245,0
3246,1
3247,5
3248,1
3249,4
3250,8
3251,4
3252,0
3253,8
3254,5
3255,8
3256,3
3257,3
3258,9
3259,4
3260,5
3261,1
3262,7
3263,9
3264,3
3265,7
3266,9
3267,5
3268,5
3269,2
3270,8
3271,4
3272,0
3273,0
3274,7
3275,2
3276,2
3277,3
3278,8
3279,3
3280,5
3281,6
3282,6
3283,0
3284,7
3285,1
3286,1
3287,3
3288,9
3289,6
3290,1
3291,2
3292,9
3293,4
3294,9
3295,9
3296,3
3297,8
3298,9
3299,0
3300,6
3301,0
3302,4
3303,1
3304,5
3305,7
3306,9
3307,7
3308,6
3309,7
3310,4
3311,3
3312,7
3313,3
3314,4
3315,0
3316,1
3317,2
3318,0
3319,4
3320,4
3321,5
3322,8
3323,5
3324,5
3325,9
3326,0
3327,6
3328,3
3329,7
3330,0
3331,9
3332,7
3333,1
3334,3
3335,5
3336,0
3337,8
3338,1
3339,9
3340,2
3341,8
3342,0
3343,6
3344,2
3345,0
3346,8
3347,7
3348,4
3349,9
3350,1
3351,2
3352,7
3353,6
3354,0
3355,6
3356,5
3357,9
3358,7
3359,7
3360,7
3361,6
3362,2
3363,3
3364,2
3365,2
3366,6
3367,2
3368,1
3369,1
3370,9
3371,7
3372,9
3373,1
3374,9
3375,7
3376,2
3377,9
3378,9
3379,7
3380,8
3381,4
3382,0
3383,2
3384,9
3385,9
3386,6
3387,0
3388,6
3389,3
3390,0
3391,3
3392,8
3393,1
3394,6
3395,1
3396,4
3397,0
3398,2
3399,3
3400,1
3401,3
3402,4
3403,1
3404,2
3405,5
3406,4
3407,0
3408,5
3409,4
3410,2
3411,1
3412,8
3413,6
3414,6
3415,8
3416,9
3417,8
3418,5
3419,7
3420,0
3421,6
3422,8
3423,4
3424,9
3425,6
3426,4
3427,4
3428,8
3429,9
3430,3
3431,1
3432,3
3433,6
3434,2
3435,9
3436,8
3437,5
3438,0
3439,0
3440,6
3441,0
3442,8
3443,8
3444,7
3445,1
3446,2
3447,3
3448,4
3449,6
3450,4
3451,5
3452,8
3453,5
3454,1
3455,4
3456,6
3457,1
3458,8
3459,5
3460,6
3461,2
3462,3
3463,8
3464,2
3465,1
3466,8
3467,7
3468,7
3469,9
3470,5
3471,3
3472,0
3473,5
3474,4
3475,1
3476,7
3477,4
3478,7
3479,7
3480,8
3481,1
3482,9
3483,4
3484,4
3485,3
3486,2
3487,5
3488,5
3489,5
3490,8
3491,4
3492,1
3493,7
3494,7
3495,8
3496,6
3497,4
3498,3
3499,0
3500,4
3501,1
3502,1
3503,1
3504,3
3505,7
3506,8
3507,0
3508,2
3509,5
3510,4
3511,0
3512,3
3513,0
3514,5
3515,6
3516,4
3517,9
3518,9
3519,7
3520,1
3521,4
3522,9
3523,5
3524,2
3525,2
3526,5
3527,3
3528,5
3529,5
3530,1
3531,4
3532,6
3533,5
3534,8
3535,6
3536,1
3537,5
3538,3
3539,7
3540,6
3541,2
3542,6
3543,6
3544,9
3545,0
3546,4
3547,9
3548,1
3549,9
3550,6
3551,1
3552,7
3553,8
3554,7
3555,7
3556,7
3557,3
3558,6
3559,3
3560,6
3561,9
3562,2
3563,9
3564,4
3565,4
3566,6
3567,4
3568,8
3569,0
3570,2
3571,9
3572,3
3573,4
3574,6
3575,0
3576,8
3577,5
3578,1
3579,0
3580,0
3581,4
3582,7
3583,8
3584,6
3585,3
3586,5
3587,6
3588,8
3589,8
3590,5
3591,4
3592,2
3593,3
3594,1
3595,8
3596,4
3597,7
3598,3
3599,0
3600,5
3601,4
3602,6
3603,6
3604,5
3605,6
3606,8
3607,2
3608,4
3609,6
3610,8
3611,6
3612,7
3613,2
3614,7
3615,1
3616,3
3617,5
3618,7
3619,3
3620,3
3621,9
3622,3
3623,7
3624,8
3625,0
3626,2
3627,1
3628,9
3629,1
3630,8
3631,0
3632,6
3633,5
3634,9
3635,2
3636,4
3637,0
3638,2
3639,5
3640,1
3641,4
3642,8
3643,9
3644,7
3645,0
3646,3
3647,7
3648,8
3649,6
3650,4
3651,6
3652,6
3653,2
3654,1
3655,8
3656,7
3657,5
3658,0
3659,0
3660,7
3661,6
3662,4
3663,8
3664,9
3665,2
3666,5
3667,7
3668,2
3669,6
3670,4
3671,7
3672,6
3673,9
3674,2
3675,4
3676,3
3677,3
3678,4
3679,9
3680,7
3681,4
3682,0
3683,1
3684,2
3685,9
3686,8
3687,4
3688,2
3689,7
3690,2
3691,9
3692,8
3693,3
3694,6
3695,7
3696,8
3697,6
3698,8
3699,3
3700,7
3701,3
3702,4
3703,0
3704,2
3705,4
3706,6
3707,2
3708,6
3709,1
3710,7
3711,7
3712,6
3713,5
3714,3
3715,7
3716,5
3717,2
3718,1
3719,6
3720,9
3721,3
3722,3
3723,1
3724,9
3725,5
3726,1
3727,8
3728,6
3729,9
3730,6
3731,4
3732,3
3733,0
3734,7
3735,0
3736,4
3737,4
3738,0
3739,6
3740,3
3741,1
3742,9
3743,5
3744,2
3745,3
3746,2
3747,6
3748,0
3749,0
3750,5
3751,8
3752,4
3753,3
3754,2
3755,9
3756,6
3757,5
3758,5
3759,9
3760,5
3761,5
3762,4
3763,7
3764,7
3765,2
3766,3
3767,3
3768,3
3769,9
3770,4
3771,2
3772,7
3773,7
3774,0
3775,2
3776,9
3777,6
3778,5
3779,6
3780,6
3781,3
3782,5
3783,1
3784,2
3785,6
3786,1
3787,9
3788,8
3789,0
3790,6
3791,2
3792,1
3793,3
3794,8
3795,1
3796,9
3797,8
3798,2
3799,2
3800,3
3801,3
3802,9
3803,5
3804,1
3805,0
3806,2
3807,8
3808,6
3809,2
3810,2
3811,9
3812,7
3813,5
3814,5
3815,9
3816,4
3817,0
3818,2
3819,0
3820,0
3821,4
3822,6
3823,1
3824,0
3825,8
3826,5
3827,0
3828,5
3829,6
3830,5
3831,4
3832,9
3833,1
3834,2
3835,8
3836,0
3837,7
3838,3
3839,9
3840,8
3841,7
3842,0
3843,8
3844,9
3845,2
3846,5
3847,4
3848,5
3849,3
3850,1
3851,3
3852,5
3853,9
3854,6
3855,0
3856,9
3857,1
3858,6
3859,2
3860,0
3861,5
3862,1
3863,6
3864,3
3865,5
3866,9
3867,9
3868,3
3869,0
3870,4
3871,4
3872,1
3873,6
3874,6
3875,1
3876,3
3877,5
3878,3
3879,7
3880,2
3881,7
3882,9
3883,5
3884,9
3885,5
3886,9
3887,4
3888,9
3889,1
3890,1
3891,8
3892,0
3893,7
3894,3
3895,0
3896,5
3897,8
3898,7
3899,9
3900,5
3901,5
3902,4
3903,1
3904,4
3905,2
3906,1
3907,4
3908,3
3909,5
3910,2
3911,1
3912,1
3913,6
3914,8
3915,9
3916,4
3917,8
3918,9
3919,5
3920,4
3921,6
3922,5
3923,5
3924,0
3925,6
3926,7
3927,4
3928,2
3929,4
3930,2
3931,2
3932,7
3933,7
3934,4
3935,4
3936,6
3937,3
3938,7
3939,9
3940,4
3941,2
3942,3
3943,1
3944,7
3945,5
3946,2
3947,7
3948,0
3949,3
3950,8
3951,0
3952,3
3953,0
3954,2
3955,8
3956,7
3957,1
3958,1
3959,7
3960,1
3961,4
3962,8
3963,2
3964,7
3965,5
3966,5
3967,9
3968,3
3969,0
3970,9
3971,2
3972,2
3973,6
3974,2
3975,8
3976,9
3977,5
3978,0
3979,9
3980,6
3981,6
3982,8
3983,9
3984,8
3985,5
3986,5
3987,6
3988,5
3989,5
3990,1
3991,4
3992,3
3993,9
3994,9
3995,6
3996,7
3997,9
3998,6
3999,5
4000,3
4001,7
4002,4
4003,0
4004,8
4005,2
4006,2
4007,8
4008,6
4009,2
4010,3
4011,0
4012,1
4013,8
4014,1
4015,5
4016,9
4017,4
4018,5
4019,9
4020,4
4021,9
4022,9
4023,7
4024,5
4025,9
4026,8
4027,1
4028,4
4029,7
4030,9
4031,9
4032,3
4033,6
4034,0
4035,0
4036,4
4037,5
4038,2
4039,5
4040,1
4041,5
4042,2
4043,5
4044,3
4045,5
4046,0
4047,5
4048,4
4049,8
4050,5
4051,0
4052,6
4053,6
4054,3
4055,5
4056,9
4057,2
4058,4
4059,0
4060,9
4061,6
4062,4
4063,7
4064,4
4065,1
4066,2
4067,7
4068,5
4069,6
4070,9
4071,8
4072,8
4073,8
4074,1
4075,4
4076,5
4077,7
4078,1
4079,7
4080,1
4081,0
4082,8
4083,2
4084,9
4085,2
4086,5
4087,3
4088,6
4089,0
4090,0
4091,4
4092,6
4093,9
4094,8
4095,0
4096,0
4097,1
4098,3
4099,1
4100,2
4101,2
4102,1
4103,2
4104,7
4105,8
4106,5
4107,5
4108,1
4109,5
4110,6
4111,4
4112,6
4113,8
4114,6
4115,5
4116,1
4117,2
4118,9
4119,3
4120,7
4121,3
4122,2
4123,1
4124,4
4125,1
4126,3
4127,7
4128,5
4129,4
4130,2
4131,0
4132,0
4133,6
4134,0
4135,2
4136,0
4137,1
4138,0
4139,7
4140,2
4141,0
4142,0
4143,9
4144,4
4145,0
4146,8
4147,9
4148,2
4149,3
4150,3
4151,9
4152,2
4153,1
4154,3
4155,7
4156,6
4157,8
4158,9
4159,0
4160,0
4161,9
4162,5
4163,1
4164,2
4165,4
4166,3
4167,8
4168,0
4169,8
4170,8
4171,3
4172,3
4173,8
4174,0
4175,2
4176,1
4177,0
4178,0
4179,5
4180,3
4181,4
4182,7
4183,0
4184,3
4185,7
4186,4
4187,1
4188,9
4189,4
4190,8
4191,5
4192,5
4193,7
4194,2
4195,3
4196,5
4197,4
4198,4
4199,9
4200,5
4201,9
4202,8
4203,7
4204,8
4205,5
4206,3
4207,0
4208,9
4209,6
4210,1
4211,7
4212,0
4213,4
4214,4
4215,5
4216,2
4217,4
4218,5
4219,0
4220,1
4221,2
4222,5
4223,3
4224,9
4225,9
4226,2
4227,4
4228,0
4229,9
4230,3
4231,0
4232,2
4233,5
4234,4
4235,1
4236,8
4237,6
4238,8
4239,6
4240,1
4241,3
4242,3
4243,8
4244,5
4245,0
4246,5
4247,5
4248,7
4249,0
4250,6
4251,6
4252,1
4253,5
4254,5
4255,1
4256,9
4257,2
4258,4
4259,2
4260,4
4261,6
4262,9
4263,7
4264,3
4265,3
4266,8
4267,5
4268,9
4269,5
4270,0
4271,8
4272,2
4273,3
4274,7
4275,7
4276,1
4277,1
4278,3
4279,5
4280,0
4281,3
4282,9
4283,4
4284,2
4285,2
4286,9
4287,6
4288,3
4289,5
4290,3
4291,2
4292,1
4293,2
4294,3
4295,3
4296,9
4297,7
4298,0
4299,5
4300,6
4301,1
4302,7
4303,8
4304,1
4305,0
4306,1
4307,4
4308,8
4309,6
4310,5
4311,0
4312,5
4313,8
4314,1
4315,4
4316,3
4317,7
4318,2
4319,1
4320,0
4321,2
4322,2
4323,6
4324,4
4325,3
4326,9
4327,2
4328,5
4329,8
4330,5
4331,3
4332,7
4333,1
4334,3
4335,5
4336,9
4337,5
4338,1
4339,6
4340,0
4341,5
4342,4
4343,7
4344,1
4345,9
4346,6
4347,7
4348,6
4349,4
4350,6
4351,7
4352,4
4353,8
4354,8
4355,8
4356,2
4357,1
4358,1
4359,3
4360,4
4361,6
4362,0
4363,5
4364,4
4365,4
4366,4
4367,8
4368,8
4369,1
4370,7
4371,2
4372,1
4373,7
4374,2
4375,1
4376,2
4377,4
4378,8
4379,2
4380,9
4381,0
4382,5
4383,7
4384,4
4385,9
4386,9
4387,3
4388,1
4389,8
4390,7
4391,9
4392,8
4393,8
4394,7
4395,0
4396,4
4397,3
4398,3
4399,2
4400,3
4401,6
4402,8
4403,9
4404,4
4405,2
4406,4
4407,9
4408,8
4409,1
4410,6
4411,4
4412,5
4413,5
4414,0
4415,0
4416,3
4417,6
4418,0
4419,4
4420,6
4421,7
4422,8
4423,7
4424,2
4425,4
4426,6
4427,8
4428,1
4429,6
4430,3
4431,8
4432,9
4433,3
4434,6
4435,7
4436,3
4437,3
4438,7
4439,2
4440,8
4441,6
4442,0
4443,3
4444,0
4445,1
4446,1
4447,9
4448,7
4449,3
4450,7
4451,5
4452,0
4453,4
4454,8
4455,3
4456,6
4457,3
4458,8
4459,9
4460,6
4461,6
4462,1
4463,1
4464,0
4465,1
4466,3
4467,3
4468,6
4469,9
4470,0
4471,9
4472,4
4473,0
4474,4
4475,3
4476,5
4477,6
4478,6
4479,7
4480,1
4481,3
4482,5
4483,9
4484,4
4485,1
4486,7
4487,6
4488,2
4489,4
4490,2
4491,4
4492,4
4493,7
4494,7
4495,6
4496,8
4497,5
4498,3
4499,1
4500,5
4501,5
4502,0
4503,8
4504,6
4505,5
4506,7
4507,6
4508,4
4509,6
4510,1
4511,8
4512,8
4513,9
4514,2
4515,2
4516,8
4517,8
4518,4
4519,3
4520,6
4521,2
4522,9
4523,7
4524,8
4525,5
4526,3
4527,8
4528,4
4529,3
4530,5
4531,2
4532,1
4533,3
4534,3
4535,1
4536,2
4537,0
4538,8
4539,7
4540,3
4541,2
4542,9
4543,2
4544,7
4545,4
4546,9
4547,9
4548,2
4549,9
4550,4
4551,2
4552,7
4553,5
4554,5
4555,1
4556,5
4557,2
4558,6
4559,2
4560,7
4561,2
4562,9
4563,6
4564,1
4565,7
4566,9
4567,3
4568,5
4569,2
4570,3
4571,2
4572,8
4573,4
4574,1
4575,3
4576,8
4577,5
4578,1
4579,2
4580,5
4581,8
4582,3
4583,4
4584,5
4585,9
4586,5
4587,8
4588,7
4589,5
4590,6
4591,0
4592,6
4593,8
4594,2
4595,7
4596,4
4597,7
4598,3
4599,2
4600,7
4601,7
4602,0
4603,4
4604,0
4605,2
4606,0
4607,5
4608,1
4609,3
4610,8
4611,9
4612,4
4613,5
4614,8
4615,3
4616,9
4617,7
4618,5
4619,4
4620,6
4621,6
4622,6
4623,5
4624,5
4625,3
4626,9
4627,8
4628,5
4629,3
4630,5
4631,0
4632,2
4633,2
4634,9
4635,5
4636,9
4637,4
4638,3
4639,0
4640,4
4641,2
4642,6
4643,9
4644,1
4645,8
4646,5
4647,5
4648,1
4649,2
4650,2
4651,1
4652,8
4653,7
4654,8
4655,0
4656,2
4657,4
4658,6
4659,3
4660,1
4661,3
4662,8
4663,3
4664,7
4665,4
4666,8
4667,1
4668,4
4669,7
4670,8
4671,4
4672,0
4673,3
4674,9
4675,0
4676,8
4677,3
4678,4
4679,3
4680,9
4681,9
4682,3
4683,2
4684,7
4685,1
4686,3
4687,8
4688,9
4689,6
4690,6
4691,2
4692,6
4693,9
4694,0
4695,1
4696,1
4697,9
4698,5
4699,1
4700,1
4701,4
4702,7
4703,0
4704,3
4705,2
4706,3
4707,4
4708,7
4709,7
4710,5
4711,6
4712,6
4713,4
4714,8
4715,4
4716,8
4717,1
4718,7
4719,7
4720,3
4721,6
4722,7
4723,9
4724,6
4725,2
4726,2
4727,7
4728,2
4729,6
4730,5
4731,8
4732,7
4733,6
4734,3
4735,3
4736,9
4737,1
4738,5
4739,7
4740,4
4741,9
4742,4
4743,2
4744,1
4745,4
4746,9
4747,0
4748,5
4749,3
4750,7
4751,9
4752,4
4753,4
4754,7
4755,3
4756,8
4757,3
4758,5
4759,9
4760,5
4761,3
4762,5
4763,7
4764,9
4765,6
4766,7
4767,4
4768,7
4769,6
4770,3
4771,8
4772,0
4773,0
4774,9
4775,6
4776,3
4777,8
4778,6
4779,1
4780,0
4781,3
4782,2
4783,3
4784,5
4785,6
4786,3
4787,7
4788,3
4789,2
4790,5
4791,9
4792,0
4793,4
4794,5
4795,7
4796,4
4797,8
4798,3
4799,9
4800,4
4801,9
4802,3
4803,3
4804,7
4805,2
4806,8
4807,1
4808,8
4809,7
4810,3
4811,9
4812,0
4813,7
4814,1
4815,9
4816,1
4817,7
4818,1
4819,0
4820,4
4821,7
4822,8
4823,5
4824,5
4825,7
4826,1
4827,4
4828,3
4829,2
4830,9
4831,9
4832,5
4833,0
4834,7
4835,7
4836,0
4837,0
4838,6
4839,0
4840,8
4841,0
4842,9
4843,0
4844,9
4845,3
4846,3
4847,2
4848,4
4849,8
4850,2
4851,2
4852,6
4853,8
4854,1
4855,9
4856,5
4857,1
4858,3
4859,4
4860,3
4861,3
4862,6
4863,4
4864,2
4865,1
4866,7
4867,5
4868,8
4869,5
4870,8
4871,0
4872,0
4873,7
4874,2
4875,0
4876,8
4877,8
4878,8
4879,2
4880,2
4881,9
4882,1
4883,3
4884,0
4885,0
4886,5
4887,0
4888,4
4889,6
4890,4
4891,3
4892,0
4893,3
4894,6
4895,3
4896,1
4897,3
4898,6
4899,1
4900,1
4901,3
4902,4
4903,4
4904,5
4905,3
4906,7
4907,5
4908,7
4909,0
4910,9
4911,2
4912,1
4913,0
4914,1
4915,8
4916,3
4917,0
4918,6
4919,3
4920,1
4921,5
4922,3
4923,2
4924,7
4925,7
4926,7
4927,5
4928,6
4929,5
4930,0
4931,3
4932,2
4933,8
4934,1
4935,5
4936,3
4937,1
4938,4
4939,9
4940,7
4941,2
4942,0
4943,9
4944,9
4945,4
4946,8
4947,5
4948,3
4949,5
4950,7
4951,2
4952,9
4953,0
4954,9
4955,6
4956,4
4957,0
4958,0
4959,7
4960,4
4961,6
4962,9
4963,2
4964,7
4965,9
4966,5
4967,5
4968,8
4969,8
4970,8
4971,2
4972,9
4973,5
4974,1
4975,2
4976,3
4977,4
4978,3
4979,8
4980,9
4981,6
4982,4
4983,3
4984,2
4985,1
4986,0
4987,0
4988,7
4989,5
4990,3
4991,9
4992,8
4993,5
4994,6
4995,6
4996,2
4997,4
4998,8
4999,0
