task,worker,answer
0,47,5
0,8,4
0,87,7
0,75,7
0,9,7
0,63,7
0,59,7
0,18,7
0,88,9
0,7,7
0,37,0
0,77,0
0,96,5
0,21,9
1,74,0
1,27,1
1,98,6
1,21,1
1,47,1
1,24,1
1,66,3
1,31,1
1,20,1
1,89,1
1,91,3
1,62,1
1,9,1
2,32,2
2,65,3
2,98,7
2,18,2
2,99,9
2,28,4
2,45,5
2,52,2
2,16,3
2,14,2
2,70,3
2,71,6
2,34,2
2,73,8
2,44,2
3,1,5
3,84,3
3,92,5
3,74,5
3,44,5
3,45,0
3,95,5
3,83,5
3,63,7
3,67,9
3,79,5
3,55,0
3,11,6
4,97,3
4,13,5
4,20,5
4,73,5
4,56,2
4,21,5
4,90,5
4,47,5
4,87,9
4,70,7
4,58,5
4,33,5
5,20,2
5,34,5
5,64,5
5,24,3
5,6,4
5,73,2
5,85,1
5,3,2
5,12,3
5,42,2
5,84,5
5,19,2
6,96,8
6,81,8
6,18,0
6,66,2
6,29,8
6,61,8
6,0,8
6,92,6
6,87,8
6,47,4
6,41,5
6,32,8
6,79,9
6,91,8
7,47,2
7,11,2
7,27,9
7,45,3
7,85,2
7,18,2
7,53,6
7,5,2
7,95,8
7,0,1
7,96,2
7,54,2
7,63,2
8,95,2
8,98,7
8,7,2
8,79,4
8,89,5
8,82,2
8,85,4
8,20,2
8,1,2
8,99,1
8,75,5
8,40,2
8,94,2
8,65,4
9,90,3
9,12,4
9,40,0
9,89,3
9,42,7
9,66,1
9,9,3
9,94,1
9,15,0
9,67,2
9,91,5
9,86,2
9,51,3
9,13,3
10,38,2
10,45,3
10,12,8
10,37,4
10,52,2
10,48,2
10,30,8
10,94,2
10,7,7
10,88,6
10,90,3
10,77,4
10,92,1
10,15,9
11,54,8
11,2,0
11,91,5
11,20,7
11,97,3
11,76,1
11,12,1
11,28,1
11,25,1
11,72,1
11,39,5
11,44,1
11,46,1
11,98,0
11,92,3
12,50,8
12,61,8
12,26,0
12,93,8
12,38,7
12,33,8
12,39,8
12,49,0
12,46,8
12,57,2
12,15,1
12,66,8
12,77,4
12,97,8
12,73,8
13,60,3
13,22,0
13,89,4
13,87,4
13,79,9
13,65,9
13,2,6
13,53,4
13,29,0
13,57,4
13,95,4
13,47,3
13,73,4
13,94,3
13,23,1
14,87,1
14,7,1
14,81,1
14,56,8
14,90,1
14,35,1
14,9,4
14,21,1
14,42,1
14,97,1
14,95,1
14,73,7
14,66,2
14,41,5
15,34,2
15,41,3
15,85,2
15,79,2
15,53,9
15,93,0
15,25,2
15,96,5
15,14,7
15,81,5
15,88,5
15,61,2
15,23,2
15,69,2
16,93,7
16,32,7
16,56,7
16,69,6
16,58,2
16,85,8
16,12,1
16,24,7
16,90,7
16,19,7
16,43,9
16,26,1
16,64,3
16,8,7
17,85,4
17,64,5
17,27,4
17,97,1
17,53,4
17,9,4
17,83,9
17,75,1
17,13,4
17,18,2
17,99,2
17,44,4
17,52,7
17,93,4
17,82,4
18,82,9
18,83,4
18,92,4
18,36,7
18,27,2
18,59,7
18,18,1
18,0,7
18,72,5
18,57,4
18,8,0
18,1,7
18,63,7
18,90,9
19,14,0
19,8,6
19,86,0
19,23,0
19,0,0
19,2,3
19,36,0
19,80,0
19,22,8
19,72,8
19,67,0
19,18,1
19,12,9
19,93,0
20,7,0
20,57,9
20,84,4
20,17,2
20,15,6
20,64,3
20,23,8
20,24,0
20,68,0
20,99,2
20,29,4
20,63,0
20,36,0
20,11,5
20,38,0
21,97,5
21,28,6
21,74,4
21,37,6
21,90,1
21,46,6
21,77,6
21,17,7
21,34,1
21,76,6
21,13,4
21,75,5
21,88,6
21,79,5
21,91,6
22,7,2
22,58,3
22,42,0
22,47,3
22,3,3
22,34,3
22,56,2
22,95,3
22,43,3
22,62,3
22,75,6
22,69,3
22,13,3
22,54,3
23,72,6
23,1,6
23,4,6
23,60,5
23,18,4
23,26,6
23,63,1
23,98,8
23,59,6
23,11,2
23,42,6
23,16,3
23,2,1
23,58,7
24,33,7
24,25,6
24,95,7
24,56,6
24,68,7
24,50,1
24,12,8
24,8,1
24,45,5
24,49,7
24,93,7
24,94,7
24,13,7
24,73,0
25,25,9
25,79,5
25,2,2
25,53,6
25,86,1
25,14,5
25,26,5
25,37,5
25,61,6
25,34,0
25,55,8
25,91,9
25,57,5
26,92,2
26,62,2
26,53,1
26,56,2
26,89,2
26,3,2
26,27,9
26,1,1
26,85,1
26,48,3
26,94,2
26,33,2
26,26,0
26,43,9
26,31,2
27,11,9
27,62,4
27,82,5
27,8,1
27,72,4
27,80,4
27,2,4
27,85,6
27,53,7
27,83,4
27,24,9
27,96,0
27,0,8
27,37,4
28,89,3
28,38,4
28,67,0
28,77,2
28,28,1
28,4,3
28,1,4
28,7,1
28,26,1
28,96,8
28,29,7
28,82,1
28,6,9
29,63,8
29,95,4
29,50,0
29,94,8
29,47,4
29,45,8
29,64,9
29,62,4
29,20,8
29,12,8
29,54,8
29,78,8
29,98,8
29,96,8
30,90,3
30,99,3
30,28,9
30,4,4
30,21,9
30,62,3
30,77,3
30,63,3
30,14,3
30,94,3
30,6,8
30,54,3
30,1,1
30,2,3
31,35,9
31,50,7
31,88,0
31,44,7
31,43,7
31,45,5
31,14,7
31,23,5
31,15,7
31,67,9
31,2,7
31,86,7
31,49,7
31,41,7
32,96,4
32,94,2
32,21,0
32,19,2
32,54,2
32,11,4
32,91,0
32,16,5
32,84,4
32,64,5
32,13,2
32,45,6
32,72,8
32,61,5
32,55,3
33,35,6
33,65,7
33,71,1
33,16,5
33,4,8
33,96,3
33,88,6
33,92,6
33,55,6
33,22,0
33,14,6
33,34,3
33,85,3
33,78,6
34,95,7
34,1,7
34,52,8
34,6,7
34,36,1
34,76,7
34,84,7
34,20,7
34,56,1
34,66,7
34,3,0
34,67,8
34,96,6
34,40,7
35,36,2
35,33,2
35,86,9
35,79,2
35,64,8
35,54,1
35,75,9
35,42,1
35,18,2
35,89,2
35,17,1
35,39,2
35,81,4
35,57,2
36,91,3
36,72,3
36,55,6
36,16,5
36,2,3
36,50,0
36,42,3
36,51,9
36,86,1
36,41,3
36,48,3
36,98,8
36,66,5
37,27,1
37,76,6
37,96,8
37,71,0
37,57,7
37,99,6
37,75,3
37,18,0
37,11,0
37,22,1
37,92,5
37,87,7
37,21,1
37,7,8
38,47,9
38,87,1
38,20,6
38,82,5
38,79,0
38,37,3
38,62,6
38,64,4
38,83,2
38,45,8
38,94,8
38,85,8
38,84,6
38,38,2
38,52,6
39,15,2
39,11,5
39,69,1
39,71,5
39,92,3
39,91,2
39,29,7
39,50,2
39,57,2
39,4,2
39,44,5
39,3,0
39,33,2
39,65,2
40,92,0
40,42,7
40,47,4
40,34,5
40,25,1
40,60,1
40,91,9
40,32,6
40,28,3
40,23,9
40,20,9
40,94,9
40,0,9
40,39,9
41,96,1
41,39,1
41,64,1
41,17,1
41,11,1
41,84,1
41,29,1
41,41,1
41,51,8
41,3,7
41,16,9
41,54,9
41,34,6
41,14,7
42,54,4
42,19,3
42,85,8
42,31,3
42,41,3
42,87,3
42,39,3
42,44,9
42,65,2
42,30,8
42,60,7
42,62,9
42,23,3
42,29,0
43,54,4
43,36,6
43,81,4
43,66,3
43,61,5
43,59,7
43,51,8
43,78,4
43,88,4
43,52,4
43,16,9
43,84,4
43,65,4
43,49,4
43,15,4
44,21,4
44,68,4
44,87,4
44,99,4
44,94,4
44,11,4
44,80,3
44,83,2
44,55,4
44,88,6
44,44,0
44,32,4
44,65,6
44,13,4
45,74,1
45,40,1
45,2,6
45,16,4
45,37,1
45,81,1
45,96,1
45,27,3
45,21,3
45,78,1
45,56,8
45,31,2
45,45,1
45,41,7
46,13,8
46,91,4
46,23,6
46,50,8
46,85,5
46,2,2
46,38,6
46,52,0
46,19,8
46,67,8
46,66,8
46,70,7
46,93,8
46,64,8
46,51,7
47,25,0
47,19,0
47,68,0
47,65,8
47,60,0
47,4,5
47,15,6
47,8,2
47,30,5
47,24,8
47,90,0
47,39,3
47,75,1
47,67,4
47,57,0
48,37,1
48,32,9
48,42,7
48,45,1
48,83,2
48,21,4
48,77,3
48,1,8
48,54,7
48,18,3
48,85,3
48,19,3
48,89,1
48,9,4
49,33,8
49,57,4
49,74,9
49,56,5
49,29,7
49,68,8
49,62,8
49,18,8
49,60,8
49,49,8
49,84,7
49,47,7
49,24,7
49,32,3
50,13,0
50,18,4
50,10,8
50,22,8
50,87,0
50,55,0
50,35,0
50,43,0
50,63,0
50,78,6
50,89,0
50,48,0
50,97,0
50,70,0
51,88,9
51,65,2
51,12,2
51,13,2
51,26,2
51,85,5
51,91,3
51,7,2
51,14,8
51,37,2
51,58,0
51,5,2
51,75,9
51,2,3
51,30,7
52,98,3
52,90,3
52,5,1
52,6,1
52,79,7
52,50,4
52,69,1
52,34,4
52,48,1
52,0,6
52,51,4
52,15,5
52,33,8
52,61,6
53,98,2
53,49,8
53,72,7
53,67,1
53,74,8
53,94,8
53,58,5
53,27,1
53,79,9
53,17,8
53,99,6
53,48,7
53,62,8
54,52,7
54,9,2
54,57,8
54,99,8
54,40,6
54,37,9
54,88,8
54,27,8
54,53,8
54,48,3
54,97,3
54,22,0
54,47,7
54,85,7
54,14,8
55,78,2
55,58,2
55,56,5
55,81,7
55,72,2
55,94,2
55,9,2
55,95,6
55,65,5
55,43,5
55,59,2
55,84,2
55,21,2
55,86,6
55,16,6
56,43,4
56,62,6
56,12,8
56,29,5
56,4,0
56,52,6
56,49,4
56,95,4
56,7,4
56,94,4
56,26,0
56,25,5
56,77,2
56,1,0
57,97,1
57,15,4
57,67,0
57,30,0
57,52,5
57,36,5
57,71,1
57,66,6
57,68,8
57,73,5
57,53,9
57,3,5
57,77,7
58,82,2
58,89,2
58,18,2
58,63,2
58,71,8
58,46,2
58,33,2
58,85,9
58,81,2
58,10,8
58,48,2
58,77,2
58,86,2
58,97,6
59,85,4
59,52,9
59,43,4
59,80,4
59,84,5
59,83,9
59,53,4
59,17,8
59,49,1
59,5,8
59,73,4
59,90,4
59,79,0
59,63,4
60,52,7
60,7,7
60,40,0
60,61,0
60,16,1
60,38,2
60,54,8
60,5,1
60,32,1
60,53,3
60,14,6
60,4,0
60,2,6
60,51,0
61,38,3
61,46,9
61,43,3
61,39,0
61,98,3
61,68,3
61,80,3
61,83,7
61,9,0
61,65,3
61,87,3
61,52,5
61,30,3
61,63,9
62,26,0
62,90,8
62,13,5
62,91,8
62,92,8
62,79,1
62,42,2
62,99,5
62,51,8
62,38,8
62,76,5
62,78,1
62,18,7
62,2,8
62,29,6
63,23,3
63,92,8
63,95,8
63,0,4
63,90,3
63,45,0
63,88,4
63,94,8
63,65,4
63,56,8
63,59,8
63,27,4
63,35,8
63,1,7
64,49,1
64,48,1
64,31,9
64,7,7
64,96,4
64,88,5
64,42,1
64,81,8
64,69,1
64,22,8
64,5,1
64,43,1
64,92,2
64,6,1
65,2,8
65,45,7
65,88,8
65,51,7
65,56,7
65,98,6
65,99,0
65,53,7
65,11,4
65,14,8
65,73,7
65,89,7
65,33,7
65,63,7
66,12,7
66,92,7
66,63,7
66,71,8
66,23,0
66,75,7
66,44,7
66,11,4
66,66,8
66,15,7
66,35,5
66,19,2
66,38,7
66,7,7
67,68,9
67,99,7
67,64,2
67,40,2
67,44,2
67,49,2
67,31,3
67,38,3
67,69,2
67,89,2
67,9,8
67,61,0
67,26,8
67,51,7
68,53,5
68,22,5
68,32,3
68,2,5
68,38,5
68,65,2
68,86,5
68,7,8
68,84,9
68,67,9
68,92,6
68,33,5
68,80,5
68,16,8
69,72,6
69,99,0
69,32,4
69,53,8
69,25,9
69,84,0
69,54,4
69,97,0
69,65,8
69,89,0
69,88,7
69,86,0
69,7,7
69,48,0
70,1,8
70,44,2
70,6,6
70,86,2
70,57,2
70,95,8
70,48,8
70,38,3
70,52,8
70,21,8
70,28,3
70,43,7
70,74,8
70,66,1
70,18,3
71,21,3
71,43,5
71,88,2
71,37,3
71,10,0
71,57,3
71,7,0
71,85,2
71,23,0
71,67,2
71,26,7
71,75,3
71,60,7
71,72,3
72,79,5
72,26,5
72,50,8
72,4,4
72,58,4
72,63,9
72,1,5
72,10,5
72,38,9
72,52,4
72,22,5
72,95,5
72,72,5
72,59,5
72,87,5
73,3,9
73,41,8
73,63,3
73,73,9
73,98,7
73,87,3
73,31,3
73,71,6
73,40,0
73,30,8
73,86,9
73,18,5
73,21,6
73,22,3
74,89,6
74,5,2
74,36,6
74,19,4
74,10,5
74,14,6
74,69,8
74,33,6
74,52,5
74,43,6
74,15,6
74,0,4
74,54,0
74,59,6
75,88,4
75,70,4
75,53,6
75,35,4
75,89,4
75,6,2
75,81,2
75,60,4
75,96,6
75,27,4
75,68,5
75,1,4
75,57,4
75,10,5
76,86,7
76,46,4
76,30,2
76,25,5
76,35,4
76,13,4
76,26,6
76,72,1
76,7,5
76,6,9
76,47,6
76,48,4
76,84,0
76,51,5
76,56,6
77,98,1
77,1,2
77,86,7
77,30,2
77,35,2
77,93,6
77,18,2
77,47,3
77,58,2
77,10,0
77,38,2
77,89,2
78,38,5
78,50,5
78,3,5
78,11,5
78,95,3
78,55,3
78,77,6
78,71,5
78,74,8
78,86,5
78,21,5
78,57,5
78,4,0
78,49,5
78,88,7
79,21,3
79,88,0
79,59,7
79,91,3
79,82,3
79,36,3
79,67,6
79,23,7
79,1,3
79,48,1
79,71,3
79,95,6
79,98,2
80,47,9
80,31,9
80,14,9
80,19,8
80,50,0
80,90,9
80,69,7
80,6,9
80,57,9
80,21,9
80,26,1
80,25,9
80,61,9
80,51,8
80,17,6
81,68,1
81,91,1
81,48,1
81,64,3
81,8,0
81,94,1
81,26,4
81,96,4
81,69,1
81,84,1
81,43,7
81,75,1
81,74,1
81,38,0
81,65,5
82,6,6
82,0,7
82,28,7
82,8,1
82,1,8
82,70,4
82,97,7
82,36,7
82,95,1
82,45,5
82,19,7
82,34,1
82,90,9
82,86,1
83,66,8
83,85,2
83,28,8
83,77,8
83,55,0
83,16,0
83,67,8
83,45,8
83,7,6
83,34,8
83,81,6
83,10,1
83,43,2
83,29,8
84,92,0
84,5,4
84,12,6
84,31,6
84,95,4
84,13,0
84,63,0
84,0,8
84,20,2
84,77,2
84,29,0
84,26,8
84,50,3
84,25,8
85,44,2
85,76,7
85,65,8
85,24,7
85,82,7
85,31,7
85,99,0
85,30,7
85,86,4
85,8,9
85,7,0
85,56,7
85,5,3
85,26,7
86,65,4
86,36,5
86,92,3
86,38,3
86,99,1
86,75,3
86,62,3
86,58,3
86,69,3
86,49,3
86,41,2
86,85,3
86,80,0
86,70,3
87,46,4
87,30,4
87,86,4
87,81,8
87,74,0
87,26,0
87,50,9
87,6,4
87,55,4
87,70,1
87,63,8
87,33,4
87,5,1
87,77,7
87,14,6
88,51,3
88,11,6
88,23,5
88,78,4
88,86,6
88,79,3
88,93,4
88,49,4
88,26,1
88,72,4
88,5,9
88,19,4
88,6,6
88,38,5
89,25,5
89,43,5
89,29,5
89,40,0
89,61,5
89,39,0
89,26,5
89,88,9
89,46,7
89,91,6
89,80,5
89,32,6
89,15,0
90,0,4
90,79,4
90,40,1
90,82,4
90,60,7
90,50,0
90,41,4
90,39,8
90,42,7
90,56,4
90,52,7
90,48,4
90,22,9
90,62,3
90,19,4
91,41,2
91,51,2
91,88,2
91,31,8
91,80,2
91,87,2
91,72,4
91,7,9
91,83,2
91,23,0
91,10,9
91,6,3
91,12,2
91,79,9
92,57,8
92,23,6
92,52,9
92,26,6
92,3,6
92,44,2
92,94,6
92,37,9
92,86,6
92,58,8
92,48,6
92,14,6
92,50,6
92,97,4
93,35,1
93,37,4
93,13,4
93,57,5
93,34,4
93,53,2
93,86,2
93,76,4
93,24,2
93,99,4
93,36,4
93,64,4
93,21,6
93,67,2
93,43,4
94,24,2
94,10,3
94,19,2
94,63,2
94,7,2
94,55,8
94,40,2
94,29,2
94,36,2
94,0,9
94,64,2
94,38,2
94,45,2
94,35,2
94,60,4
95,40,0
95,11,0
95,61,6
95,96,0
95,25,0
95,8,3
95,83,8
95,21,0
95,92,2
95,56,1
95,78,0
95,34,1
95,42,0
95,68,5
96,29,4
96,55,1
96,64,4
96,10,0
96,18,4
96,82,3
96,23,2
96,26,4
96,58,0
96,59,8
96,60,4
96,61,5
96,74,1
96,86,2
96,25,8
97,18,9
97,80,9
97,26,9
97,77,7
97,91,6
97,47,0
97,5,9
97,64,9
97,94,9
97,1,0
97,10,3
97,83,9
97,11,0
98,65,6
98,98,5
98,93,6
98,48,6
98,77,8
98,88,6
98,10,6
98,94,6
98,55,8
98,44,6
98,95,0
98,28,6
98,52,6
98,71,5
98,33,6
99,7,6
99,9,5
99,96,6
99,51,3
99,27,2
99,58,2
99,91,6
99,46,6
99,45,6
99,90,7
99,31,7
99,99,9
99,40,6
100,95,4
100,39,8
100,51,7
100,60,8
100,46,3
100,71,0
100,48,3
100,78,4
100,97,2
100,82,7
100,5,6
100,55,9
100,93,3
100,70,7
101,45,5
101,22,5
101,17,5
101,44,5
101,73,6
101,31,5
101,9,5
101,12,2
101,23,7
101,41,5
101,85,5
101,68,5
101,88,9
101,51,2
102,79,8
102,94,8
102,73,8
102,82,8
102,20,8
102,17,8
102,78,4
102,18,2
102,70,8
102,93,8
102,55,8
102,88,7
102,23,9
102,15,7
103,81,5
103,41,6
103,69,6
103,68,7
103,34,9
103,39,0
103,27,1
103,18,4
103,57,0
103,88,2
103,77,0
103,61,0
103,17,0
103,90,5
103,42,9
104,23,0
104,82,0
104,24,0
104,99,0
104,46,7
104,95,3
104,4,0
104,97,0
104,5,8
104,18,2
104,57,9
104,40,0
104,31,0
104,2,8
104,73,2
105,85,3
105,86,5
105,51,4
105,89,0
105,71,4
105,98,9
105,3,2
105,47,5
105,21,0
105,65,5
105,54,4
105,55,8
105,74,6
105,88,5
106,9,3
106,60,1
106,53,6
106,97,1
106,20,2
106,92,0
106,65,6
106,84,6
106,30,6
106,56,6
106,19,7
106,49,7
106,85,1
106,40,3
106,41,6
107,8,7
107,96,4
107,60,8
107,50,7
107,76,4
107,68,2
107,40,4
107,52,8
107,27,4
107,13,6
107,69,9
107,24,4
107,9,5
107,67,4
108,81,2
108,85,4
108,8,4
108,12,4
108,28,9
108,61,2
108,68,4
108,0,4
108,67,1
108,82,4
108,21,6
108,14,4
108,31,4
108,18,3
109,19,3
109,31,8
109,7,3
109,78,1
109,29,1
109,34,6
109,27,1
109,1,8
109,57,1
109,85,7
109,91,6
109,20,7
110,0,5
110,58,8
110,46,1
110,88,5
110,26,5
110,34,4
110,55,4
110,37,3
110,81,4
110,44,5
110,61,5
110,43,1
110,27,8
110,38,0
111,45,5
111,73,5
111,98,4
111,32,1
111,10,5
111,75,5
111,46,5
111,49,5
111,74,2
111,8,3
111,67,5
111,59,5
111,88,5
111,35,3
112,69,4
112,32,4
112,93,2
112,96,8
112,6,3
112,74,7
112,99,5
112,82,4
112,43,4
112,10,6
112,70,2
112,25,8
112,44,1
112,20,2
113,46,5
113,70,8
113,15,5
113,32,3
113,86,5
113,60,3
113,82,4
113,27,1
113,57,8
113,65,5
113,91,8
113,24,8
113,38,5
113,14,5
113,34,7
114,44,5
114,79,4
114,57,7
114,82,2
114,73,2
114,92,2
114,71,6
114,93,2
114,9,2
114,13,2
114,52,5
114,1,2
114,29,2
114,61,2
115,55,9
115,42,4
115,74,4
115,95,6
115,0,4
115,87,6
115,35,6
115,66,6
115,82,5
115,44,7
115,76,2
115,22,6
115,13,6
115,50,0
115,46,3
116,35,0
116,22,7
116,92,3
116,79,7
116,66,9
116,91,5
116,96,2
116,40,7
116,21,3
116,31,7
116,70,7
116,47,5
116,44,4
117,7,2
117,59,2
117,54,2
117,98,5
117,15,2
117,42,8
117,87,5
117,6,2
117,43,9
117,80,2
117,96,8
117,10,2
117,53,9
118,41,0
118,8,0
118,55,2
118,63,0
118,37,5
118,16,0
118,45,6
118,65,7
118,11,0
118,79,9
118,18,0
118,30,0
118,61,9
118,7,5
119,41,0
119,61,0
119,90,0
119,39,1
119,66,7
119,58,0
119,57,3
119,34,5
119,31,9
119,16,0
119,30,8
119,77,2
119,26,0
119,78,8
119,20,0
120,50,0
120,83,2
120,14,7
120,5,7
120,71,8
120,29,2
120,13,2
120,75,8
120,72,9
120,57,8
120,22,2
120,43,2
120,62,3
121,62,0
121,27,0
121,53,0
121,64,1
121,58,3
121,32,9
121,80,0
121,21,4
121,51,6
121,31,0
121,47,0
121,55,0
121,50,0
121,97,9
121,40,5
122,22,8
122,87,0
122,26,9
122,93,0
122,62,0
122,67,9
122,71,0
122,18,3
122,21,6
122,6,5
122,57,0
122,30,0
122,32,7
122,0,7
123,57,0
123,19,0
123,98,0
123,90,6
123,84,3
123,10,0
123,22,0
123,40,0
123,63,0
123,97,0
123,73,0
123,23,8
123,50,3
123,61,3
124,54,0
124,49,5
124,41,6
124,76,8
124,60,7
124,30,1
124,28,0
124,22,9
124,11,4
124,0,0
124,6,0
124,12,2
124,19,9
124,61,3
125,92,5
125,28,2
125,0,6
125,89,6
125,31,4
125,90,6
125,15,7
125,74,1
125,95,3
125,69,2
125,76,0
125,82,6
125,96,1
125,85,6
125,50,6
126,41,2
126,66,2
126,18,5
126,8,8
126,32,6
126,37,0
126,52,6
126,53,6
126,0,6
126,19,8
126,89,6
126,73,6
126,49,6
126,57,6
127,81,8
127,43,8
127,58,0
127,93,2
127,31,6
127,41,2
127,62,4
127,44,1
127,75,2
127,45,3
127,1,6
127,50,2
127,34,2
127,52,7
128,68,5
128,57,9
128,18,7
128,71,6
128,88,5
128,1,2
128,16,0
128,37,1
128,62,2
128,6,8
128,40,5
128,98,2
128,12,6
128,51,3
129,36,3
129,60,1
129,28,6
129,86,6
129,35,6
129,72,6
129,9,6
129,89,6
129,13,6
129,11,8
129,17,6
129,64,5
129,51,3
129,63,6
129,3,0
130,78,1
130,91,4
130,44,2
130,3,1
130,43,4
130,59,4
130,74,7
130,13,4
130,45,7
130,46,4
130,5,4
130,51,4
130,0,4
130,71,2
130,47,4
131,90,2
131,66,5
131,4,2
131,57,2
131,83,2
131,5,2
131,85,8
131,92,2
131,70,2
131,65,6
131,6,2
131,95,2
131,34,2
131,69,2
131,31,2
132,41,2
132,46,2
132,93,7
132,68,4
132,22,2
132,21,0
132,61,2
132,20,7
132,60,2
132,28,4
132,98,0
132,40,3
132,35,2
132,42,9
132,31,7
133,67,4
133,90,8
133,16,2
133,98,2
133,96,5
133,82,2
133,93,2
133,25,2
133,22,9
133,70,8
133,33,2
133,78,2
133,71,8
134,86,3
134,8,7
134,83,7
134,5,2
134,41,7
134,76,7
134,42,7
134,66,6
134,4,7
134,34,7
134,24,1
134,73,8
134,26,4
135,45,4
135,88,5
135,0,3
135,76,2
135,73,7
135,63,5
135,16,5
135,90,4
135,99,4
135,8,0
135,21,5
135,72,5
135,37,7
135,89,5
136,4,1
136,27,1
136,63,7
136,53,7
136,51,7
136,55,3
136,94,0
136,75,5
136,74,7
136,9,5
136,70,9
136,89,7
136,91,3
136,11,7
136,87,7
137,24,9
137,19,6
137,67,3
137,73,2
137,71,0
137,90,0
137,55,0
137,6,1
137,18,0
137,63,0
137,66,1
137,64,0
137,47,4
138,21,2
138,77,0
138,17,4
138,70,4
138,13,8
138,41,4
138,9,4
138,96,4
138,51,4
138,92,4
138,32,3
138,83,7
139,46,6
139,38,6
139,92,1
139,45,6
139,4,6
139,54,7
139,74,6
139,83,7
139,72,2
139,65,7
139,27,9
139,31,6
139,98,6
139,2,6
140,66,7
140,16,7
140,78,7
140,87,7
140,2,7
140,44,8
140,21,7
140,60,4
140,91,9
140,3,4
140,82,0
140,62,7
140,63,7
140,1,1
141,32,5
141,93,7
141,69,6
141,43,6
141,10,5
141,76,5
141,29,3
141,1,5
141,50,4
141,38,1
141,55,5
141,98,5
141,57,5
141,42,1
142,40,2
142,97,9
142,51,7
142,91,4
142,93,4
142,73,9
142,67,0
142,22,9
142,78,9
142,43,9
142,87,9
142,12,4
142,50,3
142,64,8
142,80,9
143,66,2
143,63,2
143,19,1
143,43,2
143,17,4
143,81,2
143,44,1
143,50,5
143,88,7
143,92,9
143,83,6
143,59,1
143,72,2
143,21,5
144,84,4
144,38,9
144,15,4
144,39,4
144,98,4
144,90,9
144,74,0
144,73,4
144,99,7
144,20,4
144,81,4
144,52,5
144,30,6
144,55,9
144,28,4
145,17,4
145,32,6
145,46,4
145,23,1
145,7,4
145,19,9
145,45,9
145,66,7
145,93,4
145,9,6
145,79,4
145,22,4
145,8,5
145,92,4
145,52,8
146,67,8
146,7,6
146,54,3
146,36,1
146,14,7
146,2,9
146,77,2
146,84,7
146,90,0
146,33,6
146,65,8
146,9,9
146,19,6
146,34,3
147,62,7
147,94,7
147,7,1
147,23,7
147,92,6
147,70,9
147,30,7
147,44,7
147,21,9
147,33,7
147,88,7
147,80,7
147,78,8
147,19,7
148,28,3
148,92,3
148,78,1
148,74,3
148,48,3
148,65,5
148,66,2
148,45,3
148,1,4
148,94,3
148,53,3
148,19,0
148,15,9
148,71,6
149,79,4
149,85,1
149,8,1
149,76,1
149,98,1
149,10,3
149,25,8
149,47,3
149,97,3
149,12,1
149,96,3
149,75,0
149,50,1
149,48,1
149,78,8
150,30,1
150,81,9
150,59,2
150,97,4
150,95,9
150,54,1
150,70,1
150,91,2
150,28,8
150,49,7
150,34,0
150,90,2
150,99,4
150,42,2
150,40,5
151,80,5
151,14,5
151,17,5
151,9,2
151,25,3
151,37,1
151,55,2
151,33,7
151,22,8
151,66,5
151,21,9
151,98,5
151,93,5
152,64,0
152,24,8
152,46,4
152,91,1
152,1,2
152,55,1
152,53,7
152,74,5
152,56,4
152,28,9
152,17,5
152,6,3
152,93,8
152,41,9
152,30,6
153,5,6
153,23,8
153,83,6
153,19,6
153,58,6
153,54,6
153,14,0
153,90,8
153,37,6
153,52,2
153,89,6
153,41,1
153,40,2
154,71,3
154,73,8
154,59,3
154,97,3
154,20,7
154,95,2
154,6,0
154,22,3
154,52,3
154,41,3
154,29,3
154,10,2
154,83,4
154,55,5
155,67,0
155,37,9
155,0,9
155,33,9
155,21,9
155,35,9
155,5,1
155,30,8
155,97,3
155,64,9
155,27,4
155,24,7
155,34,9
155,46,9
156,36,1
156,12,7
156,83,9
156,21,1
156,17,1
156,4,1
156,27,7
156,14,5
156,49,1
156,11,1
156,74,1
156,46,0
156,65,2
156,47,1
157,88,0
157,89,3
157,38,1
157,28,3
157,8,3
157,13,3
157,59,3
157,45,3
157,99,4
157,57,0
157,6,3
157,11,4
157,95,3
157,20,9
157,47,4
158,48,4
158,86,8
158,39,2
158,62,8
158,71,8
158,46,6
158,2,7
158,42,7
158,88,8
158,53,8
158,84,8
158,68,9
158,91,5
158,51,9
158,65,8
159,93,0
159,59,6
159,63,6
159,99,6
159,1,6
159,40,9
159,23,8
159,61,1
159,5,1
159,16,8
159,90,6
159,0,6
159,2,6
159,52,6
159,81,2
160,82,1
160,46,5
160,60,3
160,29,5
160,7,8
160,91,9
160,2,7
160,34,4
160,9,9
160,72,6
160,32,3
160,63,5
160,8,4
161,88,4
161,53,9
161,19,8
161,25,9
161,23,8
161,75,5
161,4,0
161,91,8
161,92,4
161,66,8
161,63,8
161,1,8
161,22,8
162,50,4
162,79,2
162,1,8
162,22,2
162,18,4
162,11,4
162,4,4
162,86,4
162,23,4
162,3,4
162,15,4
162,48,4
162,53,1
162,73,7
162,0,1
163,57,8
163,36,8
163,28,7
163,91,9
163,52,3
163,47,6
163,23,5
163,85,4
163,29,9
163,93,8
163,15,8
163,73,8
163,39,5
163,13,8
164,14,3
164,47,3
164,81,8
164,65,2
164,66,0
164,60,3
164,37,3
164,35,3
164,36,3
164,12,3
164,10,9
164,52,0
164,83,2
164,25,3
165,35,1
165,17,8
165,4,8
165,52,4
165,74,8
165,37,6
165,10,6
165,98,5
165,3,4
165,60,4
165,53,5
165,95,2
165,38,6
165,88,6
165,33,0
166,51,0
166,71,7
166,8,1
166,90,1
166,7,3
166,27,7
166,23,2
166,53,7
166,70,9
166,40,0
166,17,5
166,88,6
167,94,0
167,43,0
167,74,1
167,44,6
167,81,7
167,15,5
167,82,3
167,3,4
167,77,0
167,12,0
167,38,5
167,45,0
167,61,6
168,2,0
168,82,9
168,13,9
168,88,9
168,60,7
168,49,7
168,72,9
168,29,8
168,91,9
168,9,9
168,4,9
168,44,8
168,16,9
168,73,7
168,76,0
169,32,5
169,20,7
169,39,8
169,85,7
169,42,4
169,9,5
169,82,5
169,6,6
169,10,8
169,28,2
169,33,3
169,74,2
169,34,1
169,50,6
170,73,9
170,99,9
170,97,2
170,5,9
170,71,6
170,45,5
170,25,9
170,68,9
170,18,9
170,16,0
170,4,9
170,60,9
170,7,9
170,12,9
170,29,9
171,46,4
171,92,8
171,52,4
171,58,3
171,61,9
171,25,4
171,4,6
171,98,1
171,49,7
171,95,4
171,57,4
171,28,4
171,76,5
171,32,1
172,18,8
172,59,8
172,96,8
172,1,9
172,19,2
172,68,7
172,50,0
172,53,8
172,0,7
172,92,8
172,6,4
172,69,8
172,61,4
172,38,0
173,29,7
173,48,3
173,28,9
173,80,9
173,32,3
173,7,9
173,55,1
173,79,9
173,27,9
173,26,4
173,56,8
173,40,2
173,92,4
174,2,9
174,64,5
174,59,5
174,45,4
174,13,8
174,90,5
174,23,5
174,4,9
174,27,8
174,93,5
174,62,5
174,35,9
174,79,2
174,82,6
174,58,7
175,56,6
175,90,6
175,80,3
175,24,3
175,73,5
175,49,0
175,55,3
175,51,4
175,66,6
175,38,3
175,65,4
175,40,1
175,17,1
175,43,6
176,20,8
176,80,6
176,48,4
176,36,6
176,23,8
176,90,6
176,5,8
176,8,3
176,49,1
176,45,6
176,33,6
176,3,6
176,27,6
177,72,0
177,38,0
177,9,0
177,83,0
177,61,2
177,89,0
177,33,0
177,21,0
177,14,0
177,86,9
177,25,2
177,43,7
177,2,3
177,65,4
178,20,7
178,70,3
178,51,3
178,53,3
178,65,3
178,22,3
178,66,3
178,73,9
178,91,6
178,7,3
178,44,1
178,27,3
178,48,3
179,22,3
179,84,5
179,68,2
179,25,3
179,50,1
179,17,3
179,46,1
179,2,3
179,37,9
179,73,3
179,89,3
179,66,8
179,10,5
179,12,3
179,42,9
180,29,3
180,69,3
180,38,4
180,48,3
180,90,7
180,1,3
180,68,4
180,76,3
180,10,2
180,27,7
180,22,3
180,94,3
180,70,3
180,56,3
181,54,1
181,0,1
181,26,3
181,21,0
181,66,0
181,94,0
181,14,9
181,11,7
181,28,8
181,27,5
181,51,0
181,69,0
181,83,0
181,91,0
182,30,6
182,95,6
182,11,2
182,57,1
182,31,6
182,89,6
182,29,6
182,73,6
182,24,6
182,51,3
182,1,6
182,70,6
182,40,6
182,46,6
182,56,1
183,54,6
183,68,6
183,2,0
183,84,1
183,77,1
183,53,1
183,98,2
183,96,6
183,31,9
183,52,1
183,19,1
183,33,7
183,92,1
183,10,1
183,32,4
184,31,4
184,19,4
184,99,9
184,26,6
184,73,4
184,14,4
184,78,9
184,44,7
184,39,4
184,50,4
184,6,6
184,98,4
184,65,4
184,59,4
185,47,3
185,45,3
185,9,9
185,95,4
185,65,3
185,44,7
185,7,3
185,23,4
185,72,3
185,35,0
185,0,8
185,6,3
185,46,5
185,41,3
185,68,3
186,59,6
186,41,6
186,13,6
186,54,2
186,17,8
186,62,8
186,64,5
186,21,8
186,69,3
186,74,9
186,67,6
186,78,8
187,71,4
187,49,7
187,38,4
187,6,4
187,89,4
187,23,4
187,39,8
187,47,3
187,57,4
187,22,4
187,90,6
187,52,4
187,54,4
188,48,1
188,63,2
188,42,6
188,52,4
188,97,2
188,61,2
188,65,2
188,81,5
188,68,2
188,67,8
188,92,2
188,76,2
188,70,2
188,89,7
189,97,7
189,28,0
189,86,4
189,99,1
189,67,9
189,93,1
189,80,1
189,16,1
189,12,9
189,22,1
189,48,1
189,59,4
189,82,4
189,43,4
190,71,9
190,47,3
190,37,8
190,57,5
190,38,5
190,50,8
190,53,2
190,8,3
190,10,5
190,42,1
190,66,9
190,75,5
190,0,5
190,91,4
191,5,0
191,83,6
191,31,2
191,6,7
191,48,6
191,23,8
191,87,6
191,42,6
191,26,6
191,88,0
191,79,6
191,86,2
191,38,6
191,57,6
191,36,6
192,62,2
192,95,1
192,42,9
192,57,9
192,12,9
192,3,2
192,29,8
192,66,2
192,47,9
192,60,9
192,23,1
192,5,0
192,10,7
192,97,8
193,33,8
193,78,5
193,43,0
193,79,8
193,54,8
193,96,0
193,38,7
193,58,5
193,73,7
193,85,5
193,80,8
193,18,3
193,86,1
193,63,8
193,0,2
194,71,8
194,99,8
194,10,1
194,48,8
194,92,5
194,84,8
194,45,8
194,33,8
194,26,6
194,19,6
194,2,8
194,3,8
194,52,7
194,24,8
195,64,8
195,93,6
195,14,7
195,31,8
195,19,6
195,72,6
195,85,2
195,49,8
195,66,3
195,22,8
195,58,6
195,99,3
195,68,5
195,41,6
196,64,3
196,87,5
196,8,7
196,39,4
196,55,3
196,14,3
196,0,5
196,34,0
196,49,7
196,9,7
196,53,5
196,72,4
196,71,5
196,42,7
196,85,5
197,49,0
197,31,7
197,33,7
197,82,7
197,50,7
197,40,7
197,14,1
197,83,7
197,57,5
197,23,3
197,56,7
197,5,3
197,86,6
197,90,8
198,89,6
198,68,4
198,11,3
198,49,5
198,24,7
198,65,1
198,14,7
198,40,7
198,29,7
198,23,8
198,70,6
198,42,7
198,76,0
198,36,7
199,98,4
199,21,7
199,80,7
199,59,7
199,30,6
199,33,7
199,0,3
199,57,5
199,79,7
199,35,7
199,97,0
199,10,7
199,34,7
199,36,3
200,93,3
200,42,6
200,82,9
200,95,3
200,80,3
200,48,3
200,77,4
200,4,3
200,31,7
200,11,3
200,68,3
200,18,3
200,14,9
200,84,2
200,65,4
201,43,8
201,99,4
201,29,1
201,76,0
201,20,1
201,28,5
201,57,2
201,90,5
201,23,8
201,93,5
201,33,5
201,1,1
201,46,7
201,10,8
201,87,5
202,32,0
202,46,6
202,37,4
202,15,6
202,99,8
202,70,6
202,34,3
202,35,2
202,71,6
202,89,6
202,36,6
202,52,6
202,5,8
203,98,2
203,30,2
203,81,0
203,40,1
203,38,9
203,19,1
203,48,2
203,78,2
203,24,5
203,90,6
203,59,2
203,47,2
203,94,2
204,11,4
204,86,3
204,66,8
204,63,6
204,77,4
204,60,8
204,15,7
204,62,8
204,69,8
204,1,6
204,64,7
204,27,8
205,43,0
205,61,0
205,71,5
205,36,0
205,84,1
205,2,0
205,22,6
205,90,5
205,13,7
205,56,0
205,5,0
205,40,8
205,49,0
206,42,5
206,53,4
206,57,2
206,5,4
206,74,3
206,59,5
206,54,8
206,63,5
206,73,3
206,76,7
206,49,9
206,86,5
206,81,6
206,36,5
206,64,5
207,22,1
207,3,1
207,45,5
207,52,3
207,89,1
207,24,1
207,0,1
207,92,7
207,68,2
207,93,1
207,34,1
207,7,1
208,11,5
208,15,6
208,25,7
208,10,4
208,55,0
208,4,0
208,59,0
208,22,4
208,2,1
208,48,0
208,74,0
208,39,0
208,87,0
209,80,3
209,46,0
209,72,7
209,49,8
209,53,8
209,26,8
209,85,4
209,31,0
209,32,8
209,14,0
209,67,0
209,65,0
209,9,3
209,78,5
209,66,0
210,53,2
210,47,5
210,0,6
210,54,8
210,99,8
210,11,1
210,34,1
210,13,1
210,77,1
210,28,3
210,92,7
210,19,2
210,62,1
211,51,2
211,94,2
211,66,2
211,60,4
211,11,1
211,80,2
211,50,2
211,69,3
211,56,2
211,58,2
211,43,2
211,6,2
211,12,2
212,20,3
212,0,1
212,2,5
212,51,3
212,24,4
212,30,3
212,8,8
212,22,4
212,96,3
212,34,9
212,18,3
212,4,0
212,15,3
212,73,8
213,13,0
213,6,3
213,39,2
213,12,8
213,10,3
213,95,0
213,36,0
213,54,8
213,48,0
213,2,8
213,44,5
213,15,9
213,93,0
213,29,0
214,64,2
214,12,8
214,58,7
214,9,8
214,16,6
214,84,8
214,17,8
214,95,5
214,74,8
214,62,9
214,10,3
214,88,2
214,85,8
214,4,3
214,36,8
215,61,2
215,31,9
215,66,2
215,99,2
215,2,2
215,56,2
215,47,2
215,97,0
215,57,9
215,50,3
215,43,9
216,43,8
216,42,9
216,82,6
216,9,9
216,60,4
216,21,1
216,16,9
216,8,3
216,57,0
216,90,7
216,44,9
216,41,4
216,84,9
216,64,4
217,57,6
217,87,6
217,30,3
217,24,5
217,91,6
217,76,2
217,0,4
217,23,6
217,6,6
217,65,6
217,45,6
217,37,2
217,96,8
217,49,1
218,43,0
218,42,8
218,28,3
218,41,0
218,48,0
218,75,9
218,96,9
218,74,0
218,95,0
218,14,5
218,63,0
218,90,0
218,67,0
218,10,9
218,92,8
219,71,3
219,6,9
219,86,9
219,4,1
219,33,9
219,18,2
219,64,9
219,87,9
219,91,6
219,56,4
219,58,9
219,57,0
219,81,9
219,47,3
220,59,4
220,52,0
220,13,4
220,39,5
220,57,0
220,14,7
220,2,0
220,76,4
220,34,4
220,26,4
220,85,4
220,21,3
220,89,9
221,99,9
221,80,9
221,90,9
221,98,3
221,57,0
221,77,5
221,49,0
221,53,8
221,35,9
221,3,8
221,72,8
221,78,7
221,92,9
221,43,3
222,47,9
222,80,9
222,54,0
222,98,9
222,73,9
222,62,6
222,22,9
222,33,9
222,96,6
222,44,9
222,81,0
222,18,9
222,59,9
222,86,4
223,48,9
223,46,0
223,47,6
223,20,2
223,96,6
223,21,6
223,10,4
223,40,3
223,82,6
223,62,6
223,77,6
223,73,3
223,52,7
224,41,2
224,3,3
224,90,5
224,23,0
224,43,0
224,77,0
224,56,1
224,82,0
224,79,4
224,69,1
224,64,6
224,85,0
224,36,8
224,10,1
224,80,0
225,70,0
225,65,9
225,15,6
225,17,6
225,44,9
225,11,3
225,79,9
225,60,9
225,26,3
225,2,9
225,74,9
225,45,2
226,95,7
226,81,7
226,44,2
226,96,7
226,40,7
226,35,7
226,74,2
226,41,1
226,38,7
226,14,6
226,32,7
226,1,3
226,92,9
226,34,2
226,87,7
227,83,7
227,89,7
227,57,7
227,54,4
227,64,0
227,19,7
227,14,0
227,97,7
227,49,6
227,47,7
227,16,7
227,1,2
227,98,6
227,33,7
227,51,7
228,10,3
228,58,2
228,90,2
228,74,3
228,29,3
228,30,4
228,44,0
228,9,5
228,54,8
228,96,0
228,7,3
228,18,3
228,36,3
229,74,9
229,83,2
229,31,3
229,10,3
229,28,4
229,60,5
229,47,2
229,98,4
229,93,3
229,63,3
229,29,3
229,17,4
229,87,3
230,53,0
230,30,2
230,27,9
230,94,9
230,36,9
230,3,0
230,72,8
230,71,0
230,85,3
230,9,9
230,99,2
230,84,9
230,32,9
230,62,5
230,49,9
231,94,2
231,40,8
231,74,1
231,19,0
231,97,3
231,87,2
231,9,2
231,8,2
231,31,0
231,57,8
231,10,5
231,65,1
231,28,2
231,75,5
232,12,6
232,78,3
232,4,6
232,53,1
232,91,8
232,82,5
232,45,6
232,26,6
232,65,4
232,34,6
232,89,6
232,63,6
232,10,4
232,15,7
233,93,3
233,45,2
233,79,2
233,20,4
233,90,3
233,70,7
233,27,4
233,46,3
233,36,3
233,67,3
233,16,3
233,30,3
233,53,3
233,83,3
234,23,8
234,36,8
234,61,6
234,57,1
234,69,9
234,33,7
234,78,8
234,16,7
234,45,1
234,28,8
234,42,8
234,94,0
234,77,8
234,0,8
234,93,8
235,94,3
235,79,3
235,25,9
235,2,3
235,20,3
235,5,3
235,88,5
235,75,8
235,32,2
235,65,8
235,27,0
235,55,8
235,17,3
235,6,3
235,30,3
236,93,0
236,31,0
236,16,5
236,34,7
236,41,6
236,96,0
236,15,2
236,24,0
236,12,4
236,72,2
236,22,0
236,62,3
237,89,4
237,81,3
237,68,1
237,87,6
237,22,4
237,10,0
237,61,4
237,53,8
237,97,4
237,76,4
237,4,9
237,73,8
237,28,3
237,27,1
237,55,4
238,95,9
238,15,7
238,2,6
238,65,4
238,20,8
238,91,9
238,32,9
238,51,8
238,21,1
238,74,9
238,12,4
238,27,6
238,58,9
238,44,9
238,72,7
239,1,1
239,55,5
239,48,1
239,9,1
239,76,7
239,22,9
239,77,1
239,69,1
239,35,3
239,40,7
239,52,9
239,8,1
239,25,7
239,44,3
240,88,2
240,11,7
240,60,9
240,14,2
240,94,6
240,52,2
240,65,2
240,6,2
240,16,9
240,85,3
240,35,0
240,41,2
240,66,6
240,68,2
240,89,2
241,61,5
241,38,8
241,80,1
241,11,3
241,0,4
241,56,4
241,71,4
241,51,5
241,63,5
241,12,7
241,50,1
241,89,9
241,65,9
241,2,9
242,4,1
242,54,5
242,71,4
242,28,7
242,94,5
242,34,1
242,92,0
242,32,9
242,11,6
242,36,5
242,48,5
242,90,5
242,0,9
242,67,8
242,49,5
243,24,5
243,80,7
243,87,9
243,52,8
243,46,2
243,1,0
243,2,2
243,37,9
243,58,2
243,81,2
243,66,2
243,86,2
243,22,7
243,4,7
243,53,9
244,13,9
244,82,3
244,50,3
244,20,2
244,37,3
244,22,0
244,40,3
244,97,3
244,5,3
244,25,0
244,57,3
244,55,0
244,15,3
244,8,3
245,58,7
245,37,7
245,78,7
245,68,7
245,99,7
245,43,1
245,74,3
245,35,4
245,42,7
245,98,2
245,20,6
245,52,6
245,50,8
245,86,7
246,48,8
246,5,8
246,55,7
246,2,8
246,7,8
246,53,8
246,6,6
246,85,0
246,28,2
246,33,6
246,83,8
246,26,9
246,66,5
246,30,8
247,27,3
247,4,3
247,95,6
247,34,3
247,9,3
247,54,6
247,14,6
247,18,3
247,52,9
247,84,3
247,13,3
247,33,3
247,80,3
247,98,7
247,88,0
248,76,3
248,65,9
248,57,8
248,35,3
248,89,3
248,75,7
248,86,7
248,82,3
248,51,7
248,88,5
248,96,0
248,34,0
248,53,9
249,91,6
249,57,0
249,42,4
249,38,9
249,17,8
249,76,9
249,33,9
249,43,0
249,82,4
249,97,1
249,54,7
249,67,5
249,3,4
249,79,1
250,98,5
250,9,7
250,47,7
250,28,7
250,52,5
250,95,4
250,66,6
250,85,9
250,34,5
250,0,7
250,22,4
250,92,6
250,58,5
250,32,6
251,31,3
251,69,3
251,49,5
251,97,3
251,92,3
251,47,3
251,59,3
251,23,3
251,10,3
251,53,3
251,64,9
251,79,3
251,71,3
251,29,3
251,16,7
252,40,9
252,26,3
252,36,9
252,5,8
252,35,2
252,70,9
252,28,4
252,97,9
252,38,9
252,4,9
252,16,9
252,59,9
252,84,3
252,9,5
253,84,5
253,42,2
253,36,6
253,55,6
253,27,8
253,29,6
253,62,6
253,56,3
253,74,6
253,0,6
253,15,7
253,97,5
253,18,6
253,80,6
254,17,9
254,45,9
254,64,2
254,66,9
254,35,9
254,68,0
254,56,9
254,95,9
254,39,1
254,89,9
254,79,9
254,51,9
254,90,9
254,72,2
254,99,9
255,79,0
255,83,2
255,61,2
255,68,2
255,50,2
255,48,5
255,38,5
255,95,8
255,42,1
255,59,2
255,43,2
255,33,2
255,44,2
255,81,8
256,28,9
256,77,2
256,78,6
256,45,2
256,82,8
256,65,3
256,76,2
256,6,6
256,34,2
256,30,0
256,60,7
256,37,7
256,96,0
257,40,4
257,47,4
257,27,9
257,57,4
257,72,4
257,25,4
257,12,4
257,51,7
257,56,3
257,70,3
257,96,1
257,65,7
258,25,5
258,7,0
258,68,5
258,81,5
258,3,5
258,72,9
258,66,1
258,24,5
258,64,7
258,21,9
258,89,4
258,28,6
258,1,4
258,92,5
258,44,6
259,83,9
259,54,7
259,52,8
259,90,2
259,94,8
259,7,7
259,46,8
259,43,2
259,31,8
259,98,5
259,20,4
259,0,3
259,61,6
259,63,8
260,15,4
260,1,0
260,97,0
260,9,1
260,86,0
260,57,0
260,83,6
260,37,0
260,80,0
260,78,0
260,99,4
260,16,1
260,69,0
260,75,2
260,81,1
261,98,2
261,21,2
261,88,2
261,60,5
261,9,3
261,92,2
261,87,2
261,67,2
261,74,7
261,19,4
261,71,2
261,33,2
261,90,2
261,49,2
261,73,9
262,98,8
262,8,4
262,29,2
262,27,6
262,91,6
262,45,6
262,1,7
262,53,6
262,42,2
262,84,8
262,26,0
262,14,8
262,12,3
262,37,8
263,38,4
263,34,9
263,94,2
263,57,9
263,26,9
263,50,9
263,51,3
263,84,9
263,39,1
263,75,2
263,90,9
263,22,6
263,4,6
263,88,9
264,96,2
264,35,2
264,43,2
264,47,2
264,91,0
264,84,2
264,90,2
264,30,2
264,31,6
264,87,2
264,64,9
264,83,2
264,39,0
264,73,6
265,80,3
265,1,3
265,77,8
265,67,4
265,25,7
265,28,5
265,16,4
265,20,1
265,61,9
265,40,3
265,8,4
265,10,1
265,37,4
265,6,0
266,41,2
266,77,6
266,68,2
266,14,2
266,85,2
266,7,1
266,99,6
266,29,8
266,16,2
266,42,2
266,0,2
266,15,5
267,7,4
267,20,4
267,27,4
267,29,9
267,60,4
267,92,4
267,52,4
267,32,6
267,26,4
267,68,6
267,47,4
267,36,3
267,62,0
267,53,4
268,74,8
268,96,5
268,12,5
268,27,7
268,68,8
268,28,5
268,26,5
268,55,0
268,2,3
268,95,4
268,84,4
268,65,4
268,85,9
268,33,5
268,30,5
269,42,4
269,36,2
269,94,4
269,54,3
269,39,4
269,45,0
269,74,5
269,16,7
269,25,0
269,20,3
269,34,8
269,17,5
269,85,9
269,71,4
269,33,6
270,10,5
270,87,5
270,46,5
270,41,5
270,79,7
270,73,5
270,84,9
270,56,8
270,60,8
270,61,6
270,25,1
270,37,5
270,29,4
270,30,7
271,1,6
271,24,5
271,93,2
271,69,6
271,15,6
271,67,1
271,88,3
271,75,2
271,82,6
271,16,6
271,94,6
271,95,6
271,2,6
272,43,7
272,37,4
272,32,5
272,46,5
272,36,5
272,78,5
272,71,5
272,5,8
272,87,5
272,52,8
272,11,2
272,4,2
272,34,5
273,19,2
273,48,2
273,24,2
273,54,1
273,28,0
273,41,3
273,97,1
273,56,2
273,27,9
273,96,2
273,37,5
273,40,1
273,87,2
274,30,4
274,84,4
274,71,4
274,57,5
274,43,9
274,45,5
274,31,9
274,0,4
274,75,2
274,34,4
274,3,4
274,15,9
275,11,1
275,89,1
275,50,1
275,86,1
275,72,1
275,74,8
275,21,0
275,40,1
275,64,0
275,39,6
275,26,1
275,14,1
275,55,0
275,63,1
276,9,5
276,99,6
276,67,8
276,61,3
276,30,6
276,69,6
276,1,6
276,39,6
276,52,6
276,74,6
276,77,6
276,23,6
276,62,1
276,41,6
277,20,0
277,19,9
277,44,0
277,56,5
277,60,5
277,29,0
277,42,0
277,34,8
277,79,1
277,21,0
277,90,0
277,3,0
277,76,8
277,78,0
277,82,0
278,8,7
278,21,7
278,78,7
278,35,4
278,14,5
278,11,7
278,77,7
278,61,7
278,67,3
278,45,8
278,54,7
278,49,8
278,84,7
278,92,6
279,96,3
279,43,8
279,5,6
279,40,6
279,50,6
279,54,6
279,19,6
279,52,6
279,94,7
279,83,6
279,55,0
279,75,6
279,9,1
279,38,6
280,63,6
280,30,9
280,83,1
280,18,9
280,66,1
280,7,6
280,60,3
280,12,1
280,55,1
280,71,1
280,11,7
280,52,9
281,59,3
281,26,3
281,31,3
281,53,5
281,20,8
281,71,5
281,84,1
281,68,6
281,18,3
281,80,3
281,9,6
281,76,6
281,51,6
281,62,3
282,22,8
282,29,4
282,95,4
282,47,4
282,48,4
282,2,4
282,99,4
282,94,4
282,1,4
282,73,6
282,65,2
282,51,8
282,91,4
282,17,4
282,64,4
283,33,1
283,6,7
283,86,4
283,36,1
283,15,1
283,26,0
283,14,0
283,80,1
283,50,1
283,98,5
283,19,6
283,44,2
283,49,4
284,30,6
284,12,5
284,0,5
284,60,6
284,20,1
284,68,8
284,9,1
284,44,8
284,31,5
284,67,5
284,16,5
284,90,5
284,28,2
284,69,5
285,78,6
285,55,6
285,63,7
285,16,6
285,24,0
285,74,1
285,75,6
285,94,8
285,77,6
285,76,6
285,30,7
285,89,2
285,14,9
286,56,9
286,49,7
286,27,9
286,82,3
286,96,3
286,73,2
286,92,7
286,74,4
286,64,9
286,81,7
286,36,9
286,21,9
286,70,2
286,30,9
287,40,6
287,29,8
287,98,0
287,42,2
287,26,6
287,55,1
287,6,3
287,88,3
287,37,1
287,96,2
287,18,7
287,78,4
287,45,5
287,69,1
288,12,0
288,96,6
288,70,9
288,57,4
288,6,0
288,42,0
288,8,9
288,35,0
288,55,0
288,61,0
288,39,4
288,30,2
288,94,0
288,29,0
289,14,8
289,63,8
289,95,5
289,9,6
289,90,8
289,97,6
289,94,8
289,33,5
289,55,8
289,4,8
289,7,2
289,65,5
289,45,9
289,54,8
289,52,2
290,44,6
290,22,6
290,27,0
290,15,2
290,93,6
290,30,3
290,48,6
290,64,3
290,68,5
290,84,9
290,66,6
290,61,6
290,17,0
290,26,6
291,72,3
291,44,3
291,40,8
291,69,3
291,36,3
291,1,0
291,87,3
291,18,2
291,34,3
291,52,2
291,50,3
291,93,2
291,5,3
291,30,3
292,83,2
292,71,2
292,58,2
292,49,2
292,19,2
292,4,2
292,11,0
292,94,2
292,22,8
292,73,2
292,45,2
292,68,5
292,12,2
292,93,2
293,52,0
293,61,7
293,83,1
293,0,6
293,84,5
293,57,2
293,94,0
293,30,7
293,36,0
293,85,0
293,27,0
293,17,0
293,67,0
293,95,0
294,74,8
294,34,2
294,16,8
294,32,0
294,10,3
294,26,4
294,24,7
294,14,8
294,56,2
294,61,5
294,71,5
294,60,1
294,2,2
294,85,8
294,73,4
295,98,6
295,91,6
295,20,2
295,70,6
295,54,1
295,2,8
295,82,8
295,36,6
295,81,1
295,28,7
295,57,6
295,18,5
295,30,5
295,77,6
296,77,2
296,83,8
296,80,6
296,48,8
296,0,8
296,9,6
296,12,8
296,46,8
296,59,8
296,49,8
296,15,0
296,43,1
296,73,8
296,1,8
297,89,4
297,2,0
297,67,8
297,46,4
297,64,5
297,8,4
297,71,6
297,15,4
297,38,1
297,84,6
297,11,4
297,27,6
297,44,5
297,88,4
298,20,3
298,8,0
298,21,0
298,75,4
298,38,4
298,31,0
298,29,0
298,82,1
298,50,0
298,94,7
298,12,0
298,9,0
298,73,1
298,55,9
299,99,6
299,23,4
299,95,8
299,21,5
299,81,7
299,24,2
299,74,6
299,25,2
299,6,8
299,86,0
299,88,7
299,45,7
299,78,8
300,77,7
300,59,5
300,73,1
300,53,8
300,41,5
300,5,1
300,31,5
300,16,5
300,11,5
300,97,5
300,47,5
300,45,6
300,40,0
300,18,3
300,89,5
301,47,5
301,17,9
301,82,8
301,72,7
301,10,8
301,63,8
301,71,6
301,83,8
301,87,8
301,12,8
301,48,8
301,21,1
301,57,7
301,75,5
301,62,8
302,88,6
302,62,0
302,7,7
302,86,7
302,31,0
302,57,4
302,43,2
302,10,4
302,51,6
302,39,3
302,65,3
302,32,6
302,68,8
303,72,3
303,32,7
303,49,9
303,70,3
303,75,3
303,14,3
303,11,3
303,38,5
303,57,6
303,54,0
303,64,6
303,58,3
303,2,3
304,13,3
304,96,7
304,79,2
304,97,4
304,88,2
304,68,2
304,84,2
304,21,8
304,92,4
304,65,7
304,48,2
304,64,2
304,7,9
304,20,2
304,16,2
305,76,3
305,10,3
305,62,3
305,2,6
305,30,7
305,88,3
305,41,3
305,58,3
305,15,5
305,39,4
305,96,7
305,64,5
305,86,3
305,21,3
306,43,7
306,50,2
306,65,3
306,54,5
306,38,7
306,87,7
306,55,7
306,6,5
306,78,7
306,24,6
306,98,5
306,90,8
306,62,7
306,46,7
306,10,0
307,98,7
307,67,2
307,26,7
307,64,5
307,82,9
307,28,5
307,7,7
307,18,9
307,97,3
307,52,0
307,22,6
307,99,7
307,40,6
307,9,7
308,58,6
308,33,6
308,40,1
308,11,6
308,1,6
308,72,6
308,87,6
308,27,6
308,66,4
308,90,6
308,84,8
308,43,3
308,9,6
308,52,6
309,75,6
309,70,3
309,83,7
309,43,4
309,78,3
309,67,8
309,2,7
309,95,9
309,44,2
309,92,3
309,10,4
309,81,6
309,26,3
309,27,9
309,28,9
310,65,3
310,16,1
310,53,7
310,62,6
310,98,6
310,47,7
310,42,6
310,36,7
310,90,8
310,52,6
310,30,6
310,50,6
310,91,6
310,13,5
311,30,3
311,11,3
311,54,0
311,28,3
311,97,3
311,27,3
311,26,3
311,17,9
311,48,3
311,41,6
311,67,3
311,13,3
311,74,0
311,65,3
312,42,1
312,11,1
312,28,1
312,39,0
312,56,4
312,88,1
312,13,1
312,71,7
312,40,2
312,6,6
312,72,1
312,10,7
312,84,8
312,79,2
313,18,1
313,46,0
313,45,8
313,67,4
313,1,4
313,13,7
313,98,9
313,19,0
313,58,5
313,17,0
313,74,9
313,43,2
313,82,0
313,26,0
314,11,2
314,66,4
314,19,2
314,67,5
314,99,4
314,36,4
314,81,4
314,18,0
314,65,3
314,96,3
314,47,6
314,83,1
314,35,4
314,93,6
315,16,1
315,77,1
315,19,3
315,17,8
315,44,3
315,52,7
315,41,9
315,24,1
315,65,9
315,23,3
315,50,3
315,7,3
315,58,3
315,38,3
315,22,3
316,39,1
316,31,6
316,86,2
316,62,8
316,46,2
316,85,2
316,84,0
316,0,8
316,77,6
316,21,0
316,93,4
316,33,2
316,57,5
316,73,2
317,76,7
317,14,6
317,49,7
317,3,7
317,73,6
317,87,7
317,83,7
317,31,6
317,44,9
317,35,1
317,67,5
317,21,7
317,30,7
318,79,1
318,31,0
318,10,6
318,3,1
318,92,4
318,99,6
318,19,6
318,68,6
318,2,6
318,33,6
318,93,6
318,57,6
318,58,6
318,88,3
318,6,3
319,92,4
319,3,6
319,43,3
319,89,3
319,99,3
319,13,3
319,35,8
319,63,3
319,83,3
319,36,3
319,67,3
319,51,0
319,7,3
319,45,4
320,75,4
320,18,0
320,47,0
320,82,0
320,19,0
320,80,0
320,85,2
320,24,0
320,77,7
320,41,0
320,45,0
320,0,0
320,79,0
320,46,0
321,35,9
321,90,0
321,83,5
321,21,3
321,91,1
321,40,5
321,9,3
321,12,2
321,3,4
321,76,4
321,26,0
321,68,0
321,15,5
321,50,1
321,51,7
322,33,1
322,31,1
322,3,1
322,45,2
322,40,7
322,36,1
322,90,8
322,7,1
322,23,7
322,14,8
322,53,1
322,21,1
322,91,8
323,47,5
323,48,3
323,30,3
323,94,3
323,72,4
323,6,3
323,1,2
323,64,3
323,11,8
323,88,3
323,22,3
323,66,3
323,80,3
323,27,2
323,40,0
324,92,6
324,2,3
324,63,3
324,79,7
324,30,3
324,96,3
324,46,3
324,84,3
324,75,1
324,66,1
324,20,2
324,7,3
324,0,8
325,47,3
325,55,6
325,90,5
325,13,7
325,66,4
325,1,3
325,85,3
325,42,2
325,30,1
325,6,4
325,4,3
325,44,2
325,70,3
325,84,3
326,14,4
326,31,7
326,17,4
326,53,9
326,29,6
326,76,5
326,35,8
326,67,6
326,54,5
326,16,0
326,82,7
326,1,1
326,41,5
327,19,4
327,2,5
327,7,4
327,40,2
327,88,0
327,14,4
327,32,6
327,27,3
327,76,4
327,46,4
327,28,0
327,71,4
327,54,2
327,61,4
327,44,4
328,55,1
328,2,8
328,52,8
328,95,7
328,25,0
328,10,9
328,39,9
328,23,9
328,76,3
328,7,0
328,43,0
328,72,5
328,59,0
329,0,8
329,59,5
329,81,9
329,94,9
329,86,9
329,16,9
329,25,6
329,91,9
329,28,9
329,57,9
329,17,7
329,24,5
329,97,9
329,40,5
330,90,2
330,12,4
330,92,2
330,1,7
330,27,1
330,35,2
330,89,4
330,23,4
330,41,0
330,86,4
330,30,4
330,68,4
330,78,3
330,74,0
330,81,4
331,35,8
331,11,8
331,30,8
331,87,8
331,76,8
331,38,1
331,27,8
331,31,8
331,24,3
331,50,6
331,34,8
331,10,2
331,26,8
331,41,8
331,81,8
332,37,9
332,57,8
332,99,1
332,85,1
332,26,7
332,0,1
332,73,3
332,44,7
332,62,5
332,96,1
332,13,1
332,79,1
332,2,0
332,74,1
333,98,8
333,97,5
333,44,1
333,15,7
333,45,3
333,17,1
333,62,7
333,24,2
333,12,1
333,10,3
333,91,0
333,39,4
333,25,6
333,57,4
333,75,1
334,49,2
334,37,4
334,9,1
334,78,4
334,92,4
334,15,4
334,96,4
334,33,4
334,83,2
334,55,2
334,50,4
334,66,0
334,43,0
335,12,1
335,2,5
335,80,7
335,16,7
335,41,7
335,20,2
335,71,5
335,53,1
335,89,7
335,7,0
335,83,4
335,94,7
336,43,1
336,10,1
336,49,3
336,74,9
336,95,5
336,39,1
336,61,2
336,1,1
336,72,5
336,64,1
336,62,3
336,57,6
336,6,1
337,18,8
337,21,5
337,62,7
337,9,7
337,67,0
337,56,5
337,90,7
337,58,7
337,87,7
337,23,8
337,37,7
337,66,7
337,6,7
337,93,7
338,18,3
338,58,6
338,71,1
338,98,6
338,70,2
338,48,5
338,50,2
338,34,8
338,38,9
338,28,6
338,15,6
338,93,6
338,88,5
339,83,4
339,52,4
339,97,6
339,95,6
339,28,6
339,9,6
339,72,8
339,79,6
339,41,6
339,84,6
339,87,6
339,18,2
339,73,3
339,54,6
339,74,5
340,20,6
340,53,5
340,16,7
340,39,4
340,99,3
340,26,2
340,48,2
340,44,2
340,79,2
340,80,2
340,71,5
340,0,2
340,83,2
340,55,9
340,14,2
341,10,7
341,28,0
341,98,9
341,37,7
341,95,4
341,49,7
341,89,7
341,43,7
341,30,7
341,20,6
341,50,7
341,72,7
341,60,7
341,69,8
342,34,8
342,8,1
342,56,5
342,15,8
342,72,3
342,85,1
342,59,1
342,9,6
342,74,3
342,64,1
342,33,1
342,84,0
342,14,6
342,98,2
343,70,9
343,86,2
343,36,4
343,56,8
343,72,7
343,62,1
343,53,1
343,41,1
343,20,1
343,23,1
343,58,1
343,34,1
343,45,5
343,0,9
343,28,1
344,11,6
344,40,8
344,28,0
344,10,8
344,42,5
344,14,1
344,80,1
344,4,3
344,6,0
344,32,1
344,7,7
344,23,1
344,45,3
345,72,1
345,11,1
345,46,1
345,23,1
345,63,1
345,32,1
345,99,1
345,35,1
345,71,9
345,56,1
345,79,1
345,76,8
345,41,6
346,70,4
346,36,1
346,93,4
346,51,4
346,56,4
346,3,5
346,58,4
346,94,4
346,18,4
346,34,4
346,44,4
346,12,4
346,67,4
347,57,4
347,53,2
347,41,1
347,6,4
347,93,1
347,33,4
347,76,9
347,25,9
347,67,4
347,82,9
347,43,8
347,17,4
347,0,4
348,9,6
348,38,1
348,41,9
348,99,7
348,31,6
348,93,6
348,6,6
348,36,2
348,64,0
348,96,5
348,59,6
348,26,1
348,55,6
348,52,6
349,27,5
349,78,6
349,6,2
349,49,6
349,11,6
349,22,5
349,87,5
349,30,5
349,2,9
349,90,8
349,45,5
349,96,5
349,61,4
349,82,5
349,1,3
350,38,6
350,70,7
350,42,6
350,43,4
350,65,4
350,88,6
350,34,1
350,23,6
350,49,6
350,84,8
350,32,6
350,66,6
350,15,9
350,29,8
351,5,4
351,49,4
351,58,4
351,45,2
351,73,4
351,93,7
351,90,6
351,31,2
351,55,2
351,85,9
351,0,4
351,54,4
351,16,1
351,99,1
352,8,0
352,33,4
352,44,4
352,50,4
352,41,4
352,27,2
352,23,2
352,78,2
352,64,8
352,54,8
352,5,4
352,57,0
352,67,4
352,12,8
353,39,0
353,42,2
353,33,2
353,35,2
353,69,2
353,95,3
353,29,7
353,20,7
353,32,2
353,12,1
353,72,2
353,89,2
353,84,3
353,13,8
353,74,2
354,64,0
354,43,0
354,13,0
354,68,0
354,37,1
354,40,5
354,34,2
354,9,5
354,30,1
354,6,9
354,78,0
354,59,0
355,49,0
355,25,4
355,43,4
355,22,1
355,76,9
355,96,0
355,65,9
355,23,0
355,89,0
355,8,0
355,28,9
355,1,1
355,51,0
355,79,6
356,30,5
356,86,2
356,70,5
356,48,7
356,50,2
356,13,2
356,96,3
356,65,9
356,61,3
356,29,2
356,52,1
356,24,8
356,66,2
356,94,9
357,36,9
357,75,9
357,58,6
357,25,7
357,94,9
357,93,9
357,81,0
357,65,7
357,60,9
357,42,9
357,56,4
357,77,5
357,53,5
357,29,9
358,60,4
358,43,9
358,58,9
358,18,9
358,14,9
358,42,0
358,79,3
358,19,9
358,68,5
358,95,9
358,10,9
358,35,5
358,94,9
358,30,9
358,20,9
359,81,4
359,99,4
359,4,4
359,17,4
359,64,6
359,74,8
359,51,4
359,84,4
359,41,4
359,72,0
359,38,4
359,65,2
359,98,2
359,27,4
360,67,2
360,11,7
360,72,9
360,18,0
360,50,6
360,73,6
360,77,7
360,44,2
360,85,8
360,35,9
360,22,4
360,70,2
360,3,8
360,55,6
360,15,6
361,72,2
361,13,9
361,22,7
361,23,8
361,69,2
361,61,2
361,55,7
361,75,7
361,66,2
361,9,2
361,53,2
361,33,2
361,8,2
361,70,2
361,80,2
362,83,9
362,97,4
362,27,1
362,59,1
362,54,1
362,61,7
362,86,6
362,52,1
362,53,7
362,13,1
362,25,1
362,70,9
362,71,6
362,34,1
363,81,1
363,19,9
363,28,7
363,47,7
363,87,7
363,13,7
363,57,4
363,74,2
363,98,3
363,2,0
363,82,1
363,7,7
363,50,2
363,23,0
364,80,5
364,14,3
364,95,5
364,70,6
364,28,8
364,40,5
364,90,8
364,2,8
364,99,9
364,56,0
364,49,5
364,50,5
365,48,3
365,84,8
365,10,6
365,60,3
365,52,3
365,94,3
365,45,9
365,18,4
365,77,6
365,5,7
365,24,3
365,33,6
365,56,9
365,73,7
366,48,4
366,56,9
366,4,8
366,94,0
366,80,7
366,97,7
366,91,7
366,25,4
366,13,7
366,54,7
366,46,7
366,58,7
366,51,7
366,66,4
366,57,7
367,54,2
367,46,4
367,90,8
367,52,9
367,91,0
367,59,9
367,81,6
367,15,9
367,1,9
367,66,7
367,21,1
367,49,9
367,8,5
368,32,4
368,77,6
368,49,6
368,80,6
368,84,5
368,2,4
368,29,6
368,19,3
368,4,0
368,9,6
368,1,6
368,54,6
368,61,4
369,83,5
369,76,3
369,20,3
369,1,1
369,8,2
369,51,3
369,87,5
369,82,5
369,78,6
369,25,3
369,98,6
369,34,3
369,86,0
369,61,3
369,85,3
370,7,1
370,94,5
370,59,5
370,46,5
370,42,5
370,49,9
370,28,0
370,90,8
370,38,5
370,70,5
370,63,5
370,17,5
370,62,8
370,40,5
371,29,6
371,8,1
371,98,9
371,32,0
371,66,1
371,46,1
371,11,5
371,79,2
371,14,7
371,2,4
371,5,1
371,35,5
371,68,1
371,31,1
372,25,6
372,97,7
372,48,6
372,45,2
372,67,6
372,64,6
372,51,6
372,71,5
372,20,6
372,17,8
372,46,6
372,63,6
372,29,0
373,69,0
373,14,0
373,81,9
373,28,0
373,72,8
373,51,0
373,70,0
373,24,0
373,89,0
373,73,0
373,41,0
373,87,0
374,1,3
374,48,0
374,59,0
374,58,3
374,69,8
374,93,0
374,84,0
374,74,6
374,67,0
374,81,0
374,49,3
374,95,7
374,8,0
374,5,5
375,71,1
375,64,3
375,9,3
375,35,0
375,69,8
375,22,7
375,96,3
375,36,3
375,85,3
375,86,9
375,60,1
375,34,0
376,71,8
376,56,8
376,0,2
376,19,0
376,90,7
376,63,8
376,42,5
376,25,7
376,55,8
376,14,1
376,72,3
376,82,8
376,10,8
376,65,6
377,8,6
377,64,3
377,31,4
377,10,8
377,25,0
377,82,7
377,68,7
377,77,0
377,26,7
377,62,7
377,45,8
377,56,7
377,50,7
378,57,4
378,95,0
378,54,6
378,55,4
378,12,0
378,53,9
378,18,0
378,98,6
378,9,8
378,64,9
378,31,0
378,69,4
378,58,2
379,57,0
379,82,6
379,23,1
379,60,3
379,45,3
379,48,0
379,95,0
379,34,0
379,10,0
379,81,1
379,85,6
379,51,0
379,4,0
379,9,4
380,7,9
380,10,7
380,52,1
380,11,9
380,91,2
380,36,9
380,31,9
380,90,4
380,28,4
380,43,0
380,57,0
380,6,9
380,59,9
380,12,9
380,5,9
381,85,2
381,88,6
381,13,9
381,64,9
381,87,3
381,18,9
381,34,9
381,22,9
381,42,9
381,66,9
381,79,3
381,97,9
381,35,9
382,1,5
382,74,5
382,3,5
382,31,5
382,5,5
382,65,6
382,30,4
382,41,5
382,11,7
382,49,6
382,63,5
382,82,5
382,7,5
382,25,5
383,61,4
383,14,2
383,28,3
383,95,3
383,91,9
383,49,3
383,51,1
383,68,7
383,82,3
383,9,9
383,20,5
383,21,4
383,42,9
383,83,6
383,87,4
384,69,6
384,63,6
384,1,6
384,99,2
384,91,6
384,98,6
384,57,2
384,9,6
384,48,6
384,89,6
384,88,6
384,93,6
384,97,6
385,18,4
385,33,8
385,14,1
385,9,8
385,52,8
385,75,5
385,2,0
385,10,5
385,16,8
385,25,4
385,95,4
385,83,6
385,20,8
385,68,8
385,67,1
386,75,0
386,11,7
386,19,4
386,49,7
386,8,2
386,58,7
386,35,6
386,63,9
386,20,7
386,91,2
386,64,7
386,94,7
386,67,6
387,5,0
387,48,0
387,96,1
387,12,1
387,47,8
387,78,0
387,63,0
387,75,0
387,32,0
387,43,8
387,95,0
387,11,0
387,13,0
387,9,9
388,3,7
388,10,6
388,8,7
388,47,7
388,39,9
388,71,3
388,83,7
388,29,0
388,69,6
388,37,7
388,24,2
388,15,7
388,5,7
388,72,7
389,67,8
389,29,8
389,97,2
389,90,8
389,19,2
389,43,3
389,53,8
389,37,8
389,38,7
389,86,3
389,66,7
389,95,1
389,5,8
389,69,0
390,58,4
390,2,2
390,51,7
390,39,7
390,63,7
390,37,0
390,10,9
390,81,0
390,82,6
390,88,7
390,44,1
390,47,7
390,21,7
390,85,0
391,90,4
391,43,2
391,27,8
391,13,2
391,63,2
391,8,7
391,86,2
391,73,9
391,18,7
391,57,2
391,39,2
391,7,4
391,93,2
392,73,9
392,15,1
392,0,7
392,99,7
392,82,7
392,79,2
392,81,7
392,43,1
392,89,7
392,74,5
392,61,6
392,8,7
392,71,7
392,1,6
392,42,2
393,60,0
393,45,3
393,64,0
393,15,3
393,11,8
393,29,0
393,47,0
393,79,7
393,94,7
393,35,0
393,34,9
393,24,0
393,99,0
394,55,3
394,40,3
394,92,9
394,9,9
394,65,3
394,70,3
394,72,3
394,58,9
394,89,3
394,41,4
394,22,3
394,90,3
395,12,9
395,4,9
395,10,5
395,44,9
395,86,9
395,41,9
395,53,8
395,29,3
395,97,9
395,1,9
395,56,8
395,26,1
395,82,9
395,66,1
395,40,0
396,57,0
396,29,7
396,91,5
396,14,4
396,27,2
396,49,4
396,82,4
396,10,7
396,35,4
396,77,9
396,68,6
396,65,7
396,54,4
396,1,9
396,70,5
397,70,0
397,79,2
397,45,3
397,17,7
397,59,2
397,7,6
397,54,0
397,6,1
397,0,4
397,44,0
397,71,8
397,40,0
397,43,0
398,69,8
398,16,8
398,67,8
398,5,6
398,65,4
398,71,8
398,64,8
398,45,8
398,23,2
398,92,5
398,80,8
398,66,3
398,73,1
398,26,2
398,82,8
399,54,6
399,40,6
399,55,4
399,10,8
399,88,6
399,49,6
399,27,4
399,53,6
399,21,6
399,28,7
399,58,4
399,67,8
399,34,9
399,26,6
399,65,9
400,31,9
400,68,2
400,53,9
400,20,7
400,6,9
400,82,8
400,43,5
400,98,9
400,84,2
400,30,9
400,23,9
400,51,9
400,2,5
401,59,3
401,14,3
401,29,2
401,73,3
401,62,8
401,46,3
401,60,4
401,55,4
401,54,3
401,28,3
401,77,3
401,63,3
401,17,6
401,80,3
401,22,3
402,75,5
402,39,6
402,59,5
402,96,7
402,52,1
402,9,2
402,19,9
402,10,5
402,61,0
402,64,9
402,53,7
402,50,3
402,81,5
402,0,2
403,53,5
403,51,5
403,9,5
403,29,5
403,70,4
403,40,2
403,52,5
403,23,5
403,99,5
403,0,6
403,36,5
403,82,3
403,46,5
403,25,4
403,6,5
404,34,5
404,71,5
404,84,1
404,56,7
404,19,5
404,68,1
404,65,6
404,31,0
404,36,1
404,39,1
404,78,1
404,23,1
404,29,8
404,50,2
405,86,5
405,65,5
405,95,5
405,29,4
405,48,9
405,36,5
405,83,1
405,6,6
405,92,5
405,5,6
405,7,5
405,3,7
405,30,8
405,28,5
405,32,5
406,73,1
406,65,8
406,72,2
406,27,8
406,50,3
406,30,8
406,56,1
406,70,7
406,96,8
406,98,4
406,46,8
406,76,4
406,58,3
406,21,0
406,37,8
407,52,9
407,72,8
407,98,0
407,39,2
407,82,0
407,85,2
407,11,0
407,21,4
407,49,3
407,4,0
407,63,0
407,71,0
407,96,5
408,74,3
408,97,3
408,37,7
408,92,3
408,49,0
408,93,7
408,87,3
408,85,2
408,35,3
408,94,3
408,79,3
408,95,7
408,72,9
409,49,2
409,6,3
409,74,4
409,68,4
409,87,9
409,79,9
409,85,9
409,52,9
409,22,7
409,81,9
409,20,1
409,98,9
409,23,9
410,67,0
410,48,6
410,74,1
410,3,6
410,63,6
410,87,6
410,21,7
410,77,6
410,19,2
410,8,6
410,5,3
410,71,6
410,15,6
410,84,6
411,48,9
411,94,9
411,73,6
411,96,9
411,87,9
411,51,6
411,24,8
411,10,2
411,42,4
411,6,9
411,57,9
411,29,9
411,0,6
411,74,6
412,5,7
412,50,9
412,73,0
412,72,1
412,63,1
412,27,9
412,76,8
412,11,8
412,96,7
412,46,8
412,14,2
412,74,1
412,60,8
412,68,8
412,36,4
413,5,9
413,7,0
413,90,9
413,47,9
413,94,2
413,45,2
413,84,0
413,42,2
413,16,0
413,78,2
413,80,0
413,2,5
413,35,6
413,85,7
414,38,2
414,45,2
414,66,6
414,51,6
414,95,4
414,20,3
414,50,4
414,54,0
414,76,1
414,90,4
414,15,3
414,97,9
414,1,2
414,94,2
414,56,7
415,3,0
415,80,6
415,97,4
415,46,6
415,64,6
415,78,6
415,77,7
415,71,6
415,53,1
415,19,6
415,7,3
416,61,0
416,39,0
416,50,1
416,25,1
416,26,5
416,40,1
416,93,0
416,78,0
416,31,8
416,97,0
416,81,0
416,68,0
416,56,5
416,43,0
417,12,1
417,46,1
417,17,8
417,33,1
417,35,9
417,53,1
417,9,1
417,40,1
417,8,2
417,19,1
417,57,9
417,10,3
417,18,0
417,81,5
418,84,5
418,16,5
418,72,6
418,29,5
418,94,5
418,26,5
418,81,4
418,43,1
418,23,5
418,85,5
418,33,5
418,92,4
418,90,7
418,18,5
419,57,9
419,45,1
419,54,1
419,15,9
419,69,6
419,79,1
419,97,2
419,70,1
419,19,0
419,41,3
419,17,3
419,78,1
419,88,3
419,95,1
419,42,1
420,53,6
420,26,8
420,74,7
420,43,0
420,70,6
420,66,3
420,75,8
420,98,4
420,51,4
420,73,6
420,60,6
420,1,6
420,30,7
420,84,3
421,79,4
421,29,4
421,18,0
421,23,8
421,95,7
421,44,0
421,59,8
421,26,8
421,61,8
421,75,8
421,84,8
421,16,8
421,41,3
421,42,0
422,55,7
422,63,7
422,30,0
422,37,8
422,31,7
422,71,7
422,84,1
422,92,5
422,83,7
422,43,8
422,26,5
422,0,7
422,19,5
422,61,7
422,94,7
423,67,4
423,9,6
423,94,1
423,24,4
423,30,4
423,42,8
423,8,4
423,3,4
423,29,4
423,58,4
423,40,2
423,52,1
423,48,4
423,50,4
423,97,4
424,46,7
424,7,8
424,53,0
424,1,7
424,98,1
424,35,4
424,87,7
424,18,7
424,52,7
424,21,8
424,27,7
424,56,7
424,9,7
425,61,7
425,60,7
425,44,7
425,64,7
425,30,0
425,77,7
425,24,7
425,78,7
425,4,5
425,9,9
425,37,7
425,95,7
425,57,3
425,88,4
426,42,2
426,32,5
426,6,6
426,74,3
426,76,6
426,5,4
426,25,6
426,73,6
426,99,6
426,33,6
426,84,6
426,30,6
426,38,6
426,14,6
427,37,0
427,45,7
427,48,0
427,33,0
427,85,0
427,80,0
427,34,0
427,63,0
427,81,0
427,73,8
427,69,0
427,11,0
427,97,0
427,22,0
428,48,3
428,79,3
428,90,3
428,14,3
428,17,3
428,38,6
428,44,3
428,63,3
428,87,3
428,1,6
428,75,4
428,52,4
428,33,4
428,28,3
428,62,3
429,5,6
429,81,9
429,38,9
429,31,9
429,49,9
429,59,9
429,61,9
429,71,9
429,10,5
429,94,9
429,40,2
429,85,0
429,17,4
429,15,5
430,38,3
430,63,3
430,47,0
430,94,3
430,37,3
430,49,3
430,80,3
430,57,3
430,59,3
430,68,6
430,56,9
430,91,3
430,72,2
430,78,1
430,32,3
431,81,9
431,1,5
431,74,9
431,43,5
431,57,9
431,85,9
431,79,9
431,30,9
431,62,3
431,66,9
431,48,9
431,7,9
431,77,8
431,75,1
431,65,3
432,76,9
432,60,7
432,49,7
432,44,0
432,96,5
432,85,7
432,29,7
432,5,7
432,66,7
432,73,0
432,33,7
432,56,7
432,82,7
432,3,8
432,70,9
433,84,9
433,56,9
433,26,1
433,33,3
433,29,7
433,39,3
433,68,9
433,52,4
433,38,4
433,80,3
433,9,3
433,69,4
433,23,3
433,42,3
434,60,6
434,12,6
434,61,8
434,42,6
434,78,1
434,73,6
434,19,8
434,0,5
434,86,3
434,39,6
434,6,5
434,32,0
434,25,1
434,35,5
434,11,2
435,71,8
435,39,1
435,34,0
435,29,6
435,26,0
435,62,0
435,30,0
435,53,0
435,85,0
435,3,1
435,27,2
435,44,7
435,23,0
435,87,0
436,36,6
436,40,6
436,86,5
436,54,7
436,99,4
436,15,0
436,24,4
436,41,6
436,77,8
436,88,6
436,12,6
436,89,6
436,28,8
436,56,1
436,32,0
437,59,1
437,35,1
437,11,1
437,62,6
437,41,1
437,31,7
437,16,1
437,22,3
437,55,1
437,69,1
437,86,5
437,80,1
437,96,7
438,17,6
438,84,9
438,73,7
438,54,8
438,81,6
438,61,6
438,29,2
438,20,6
438,89,6
438,15,7
438,37,7
438,23,5
438,74,9
438,13,6
438,55,6
439,48,9
439,62,9
439,71,8
439,72,9
439,61,9
439,30,9
439,6,0
439,54,1
439,29,7
439,9,9
439,94,7
439,27,5
439,84,8
439,56,9
439,73,9
440,81,7
440,67,0
440,92,5
440,31,0
440,95,0
440,48,0
440,5,2
440,93,0
440,57,0
440,50,7
440,89,0
440,33,0
440,55,0
440,51,3
441,97,1
441,22,0
441,48,0
441,3,0
441,96,0
441,32,1
441,14,0
441,40,0
441,52,2
441,41,0
441,99,2
441,51,4
441,76,5
441,46,0
441,4,3
442,19,0
442,73,3
442,22,9
442,47,3
442,66,1
442,68,5
442,31,3
442,11,9
442,63,3
442,82,3
442,0,3
442,25,3
442,52,3
442,46,3
443,17,5
443,6,5
443,90,3
443,74,4
443,84,3
443,96,7
443,26,3
443,73,3
443,64,3
443,99,6
443,23,8
443,50,3
443,66,3
444,90,9
444,54,1
444,93,4
444,25,9
444,80,4
444,22,9
444,37,9
444,19,3
444,84,7
444,79,4
444,24,6
444,17,5
444,66,9
445,76,8
445,96,0
445,85,1
445,45,4
445,72,7
445,73,6
445,29,7
445,43,8
445,54,4
445,49,9
445,56,6
445,47,8
445,15,8
445,31,8
446,17,8
446,59,1
446,46,8
446,43,8
446,90,5
446,45,8
446,24,8
446,64,8
446,98,5
446,86,8
446,2,3
446,15,5
447,21,7
447,88,7
447,25,2
447,83,6
447,55,4
447,15,7
447,45,7
447,61,7
447,48,7
447,8,7
447,93,7
447,96,7
447,59,7
448,26,7
448,48,4
448,85,1
448,32,1
448,97,1
448,90,0
448,47,1
448,58,2
448,4,1
448,65,4
448,96,7
448,81,7
448,30,9
448,53,1
449,8,3
449,44,3
449,48,3
449,71,3
449,82,3
449,30,4
449,66,3
449,33,6
449,73,6
449,85,3
449,62,2
449,93,7
449,81,3
449,5,7
450,56,2
450,4,5
450,98,0
450,48,2
450,81,8
450,28,5
450,27,8
450,44,2
450,50,2
450,19,2
450,82,7
450,92,7
450,57,0
450,87,7
451,30,6
451,96,6
451,71,9
451,79,4
451,19,7
451,66,9
451,61,6
451,10,8
451,75,9
451,18,6
451,89,6
451,16,5
451,60,6
451,15,6
452,72,9
452,20,9
452,49,4
452,82,9
452,86,9
452,35,5
452,67,2
452,77,5
452,78,6
452,24,7
452,99,7
452,54,9
452,62,9
452,4,9
453,37,1
453,59,1
453,42,7
453,90,0
453,24,5
453,38,1
453,96,0
453,71,1
453,10,7
453,5,1
453,46,1
453,69,2
453,13,1
453,34,5
453,51,3
454,81,8
454,68,6
454,16,4
454,70,4
454,85,2
454,7,3
454,88,1
454,55,4
454,96,8
454,43,4
454,54,4
454,53,4
454,87,4
454,35,2
454,11,0
455,45,9
455,84,9
455,0,9
455,37,2
455,31,1
455,4,8
455,16,1
455,88,9
455,30,9
455,70,9
455,82,4
455,93,7
455,87,9
455,21,4
456,12,0
456,83,8
456,63,3
456,61,2
456,7,9
456,96,6
456,70,1
456,15,3
456,87,5
456,80,3
456,46,1
456,36,3
456,32,0
456,72,3
457,96,1
457,78,3
457,27,4
457,79,5
457,74,1
457,9,1
457,3,1
457,35,1
457,25,1
457,16,8
457,86,2
457,24,0
457,20,1
458,96,2
458,25,7
458,90,9
458,40,7
458,7,0
458,56,4
458,49,2
458,53,1
458,26,7
458,45,5
458,65,1
458,18,5
458,67,9
458,52,0
458,42,7
459,93,0
459,40,7
459,88,0
459,70,0
459,60,0
459,9,0
459,26,0
459,68,0
459,92,2
459,10,0
459,59,7
459,96,0
459,23,0
459,30,5
459,62,6
460,71,3
460,94,2
460,46,2
460,67,1
460,91,5
460,78,2
460,82,7
460,32,2
460,83,2
460,36,2
460,62,8
460,80,6
460,42,2
461,31,6
461,43,5
461,65,2
461,42,2
461,23,2
461,61,8
461,26,8
461,9,4
461,98,4
461,37,1
461,47,2
461,11,4
461,49,4
462,11,2
462,82,4
462,56,8
462,13,8
462,1,3
462,89,4
462,86,8
462,73,8
462,76,3
462,35,9
462,65,5
462,79,8
462,4,0
462,61,9
463,97,9
463,77,9
463,71,8
463,32,4
463,94,2
463,61,1
463,46,9
463,36,9
463,20,9
463,81,6
463,10,8
463,78,0
463,6,9
463,59,9
464,11,4
464,6,4
464,43,4
464,21,4
464,72,4
464,95,3
464,77,4
464,96,4
464,14,8
464,24,1
464,38,4
464,28,9
464,48,4
464,22,5
464,69,9
465,28,1
465,32,6
465,72,8
465,16,2
465,52,6
465,12,3
465,56,8
465,86,7
465,68,8
465,37,8
465,73,8
465,3,8
465,11,8
465,31,8
466,60,8
466,55,2
466,74,0
466,42,5
466,19,8
466,21,8
466,67,8
466,56,8
466,72,1
466,63,8
466,70,8
466,88,1
466,54,2
466,47,8
467,55,5
467,36,5
467,39,8
467,29,9
467,99,5
467,34,6
467,33,7
467,90,4
467,13,5
467,56,2
467,15,5
467,42,7
467,10,4
467,22,4
468,42,6
468,99,6
468,72,6
468,19,0
468,26,1
468,57,0
468,97,5
468,29,3
468,24,9
468,61,3
468,75,3
468,87,6
468,91,7
468,5,6
469,85,9
469,30,8
469,19,9
469,50,2
469,28,8
469,94,9
469,27,9
469,72,2
469,31,5
469,43,9
469,26,9
469,12,9
469,45,9
469,24,9
470,7,5
470,52,8
470,53,0
470,9,8
470,48,9
470,98,9
470,55,9
470,84,9
470,85,9
470,70,9
470,87,9
470,80,9
470,39,8
470,4,9
471,71,5
471,55,0
471,11,2
471,9,4
471,78,7
471,16,3
471,84,0
471,32,7
471,46,3
471,87,3
471,67,6
471,77,9
471,93,3
471,96,3
472,81,1
472,5,7
472,86,3
472,70,7
472,56,6
472,9,7
472,96,4
472,94,9
472,82,7
472,80,7
472,57,7
472,3,1
472,67,1
472,10,7
472,20,7
473,84,7
473,51,5
473,64,7
473,21,8
473,13,7
473,9,1
473,46,4
473,40,7
473,33,7
473,62,3
473,76,5
473,4,5
473,70,3
473,22,0
473,93,7
474,43,7
474,38,6
474,40,6
474,39,6
474,44,6
474,51,6
474,41,8
474,14,9
474,7,6
474,65,4
474,67,2
474,33,6
474,25,1
474,20,6
475,48,1
475,10,7
475,38,1
475,44,1
475,34,5
475,29,6
475,75,8
475,30,4
475,77,8
475,78,3
475,14,7
475,26,7
475,57,1
475,91,4
476,48,0
476,56,0
476,86,7
476,81,8
476,36,5
476,58,0
476,24,0
476,27,4
476,71,0
476,40,0
476,32,5
476,97,2
476,55,0
476,52,4
477,29,4
477,48,4
477,11,6
477,33,4
477,31,4
477,93,4
477,58,4
477,50,4
477,1,6
477,84,4
477,85,9
477,54,3
477,19,3
477,74,2
478,91,1
478,22,6
478,86,7
478,9,9
478,41,9
478,95,4
478,5,6
478,49,9
478,32,3
478,4,9
478,63,6
478,29,6
478,28,7
479,24,4
479,60,0
479,40,7
479,13,8
479,7,6
479,87,8
479,52,1
479,59,8
479,88,5
479,22,1
479,58,3
479,99,2
479,53,1
479,37,8
480,77,0
480,89,3
480,48,8
480,57,4
480,79,0
480,69,8
480,30,8
480,40,8
480,46,9
480,63,5
480,49,8
480,66,6
480,87,7
480,94,8
481,41,9
481,13,3
481,55,3
481,20,5
481,99,7
481,26,3
481,56,3
481,27,1
481,74,6
481,22,8
481,78,6
481,94,3
481,5,3
481,15,3
482,9,6
482,65,3
482,13,0
482,25,3
482,31,4
482,82,0
482,75,0
482,17,0
482,26,2
482,23,2
482,99,0
482,11,6
482,88,8
482,84,0
482,43,0
483,13,3
483,34,2
483,83,1
483,71,0
483,59,3
483,70,3
483,18,3
483,94,3
483,66,3
483,84,3
483,68,3
483,54,3
483,81,3
483,56,7
483,77,3
484,89,2
484,92,8
484,79,2
484,85,2
484,53,6
484,55,0
484,15,5
484,16,6
484,12,0
484,64,9
484,62,5
484,91,2
484,9,5
485,83,5
485,13,5
485,79,3
485,22,6
485,53,1
485,39,0
485,23,2
485,49,8
485,73,0
485,43,5
485,95,8
485,59,5
485,80,5
485,94,5
485,40,5
486,59,0
486,64,1
486,57,2
486,19,8
486,73,6
486,69,2
486,28,3
486,21,9
486,31,1
486,35,8
486,0,0
486,90,0
486,56,7
486,41,0
487,0,2
487,33,8
487,83,0
487,37,2
487,61,5
487,11,9
487,48,9
487,23,9
487,38,4
487,12,9
487,84,9
487,76,6
487,66,9
487,17,4
488,16,9
488,46,0
488,83,0
488,96,0
488,47,9
488,4,0
488,2,5
488,33,0
488,99,0
488,89,0
488,30,8
488,55,0
488,13,0
488,81,0
488,95,0
489,44,4
489,77,4
489,16,2
489,23,6
489,37,4
489,78,1
489,29,2
489,15,8
489,13,4
489,80,9
489,62,8
489,88,4
489,96,5
489,73,4
490,26,8
490,83,7
490,58,3
490,69,0
490,36,3
490,14,8
490,5,3
490,93,3
490,85,9
490,17,1
490,77,7
490,41,7
490,62,2
490,71,8
490,34,4
491,12,4
491,72,4
491,41,4
491,70,6
491,19,4
491,81,9
491,26,5
491,22,2
491,63,4
491,76,4
491,51,4
491,39,1
491,45,4
491,91,4
492,40,3
492,53,6
492,23,6
492,46,6
492,81,3
492,66,6
492,45,6
492,62,0
492,74,6
492,56,1
492,36,4
492,22,3
492,5,4
492,95,3
493,80,9
493,55,1
493,40,9
493,87,9
493,59,9
493,88,9
493,10,9
493,27,9
493,49,9
493,51,9
493,79,9
493,20,9
493,22,6
493,68,4
493,56,4
494,35,6
494,23,6
494,32,1
494,57,3
494,90,3
494,10,1
494,24,1
494,2,1
494,81,9
494,51,8
494,72,1
494,65,1
494,39,1
494,47,4
494,0,1
495,86,4
495,97,3
495,50,4
495,36,9
495,6,5
495,56,4
495,11,4
495,43,3
495,41,4
495,7,4
495,20,9
495,21,4
495,39,7
495,74,3
496,54,4
496,5,0
496,98,2
496,13,5
496,71,2
496,50,5
496,68,5
496,63,6
496,80,5
496,39,1
496,48,5
496,86,5
496,78,5
496,40,5
497,64,1
497,97,0
497,6,1
497,20,2
497,58,1
497,74,4
497,79,6
497,14,7
497,7,1
497,11,5
497,51,4
497,39,3
497,15,2
497,69,5
497,25,1
498,57,4
498,6,2
498,98,4
498,81,4
498,62,4
498,73,8
498,24,4
498,48,4
498,46,4
498,89,4
498,87,4
498,22,4
498,44,5
498,29,0
499,49,1
499,40,6
499,28,7
499,63,1
499,41,1
499,42,1
499,19,5
499,92,1
499,10,1
499,67,5
499,81,8
499,5,2
499,1,6
499,96,1
500,5,7
500,35,6
500,18,8
500,77,8
500,52,6
500,39,1
500,76,7
500,2,8
500,81,3
500,50,7
500,71,0
500,91,4
500,34,7
500,83,4
500,98,7
501,1,2
501,71,7
501,51,7
501,64,7
501,85,1
501,58,7
501,87,7
501,4,7
501,17,9
501,5,1
501,54,8
501,47,7
501,86,9
501,11,7
501,77,6
502,6,8
502,3,9
502,73,6
502,63,9
502,77,7
502,27,4
502,0,1
502,87,8
502,75,8
502,65,3
502,26,9
502,21,8
502,54,8
502,62,2
502,76,2
503,29,3
503,57,3
503,66,4
503,84,3
503,37,7
503,33,3
503,58,3
503,52,1
503,26,5
503,75,3
503,9,6
503,1,3
504,39,6
504,20,8
504,52,5
504,30,5
504,90,2
504,70,5
504,86,0
504,57,5
504,61,5
504,73,5
504,75,5
504,8,5
504,58,5
504,85,6
505,22,5
505,98,9
505,60,5
505,23,7
505,16,1
505,55,5
505,49,4
505,65,5
505,79,5
505,10,0
505,19,1
505,63,7
505,14,5
505,56,5
505,61,5
506,23,6
506,7,8
506,15,0
506,0,8
506,62,9
506,2,9
506,70,7
506,58,1
506,72,1
506,86,5
506,33,5
506,93,0
506,89,0
507,51,0
507,71,4
507,42,0
507,84,3
507,48,3
507,47,3
507,26,9
507,81,3
507,67,3
507,86,1
507,20,3
507,74,9
507,70,3
507,78,9
508,33,1
508,4,4
508,54,4
508,50,4
508,7,4
508,24,4
508,70,4
508,23,2
508,91,4
508,40,4
508,76,4
508,96,7
508,85,3
508,20,5
508,15,6
509,61,7
509,83,8
509,71,9
509,55,1
509,56,6
509,43,1
509,38,2
509,27,7
509,79,9
509,64,5
509,84,2
509,36,2
509,86,1
509,0,1
509,80,2
510,16,1
510,47,8
510,7,8
510,28,7
510,37,8
510,11,9
510,34,4
510,1,8
510,33,8
510,71,9
510,31,2
510,41,3
510,55,9
510,99,8
510,93,8
511,9,1
511,31,1
511,2,7
511,7,1
511,22,1
511,16,1
511,44,1
511,89,1
511,60,2
511,70,1
511,39,5
511,1,3
511,62,1
512,42,4
512,46,4
512,25,0
512,47,4
512,52,5
512,45,4
512,56,4
512,77,4
512,87,4
512,67,4
512,20,3
512,62,0
512,74,8
513,26,1
513,85,1
513,39,1
513,25,0
513,8,8
513,62,3
513,6,1
513,43,2
513,93,8
513,20,1
513,66,0
513,32,3
513,18,1
513,94,1
513,37,1
514,20,0
514,16,5
514,59,5
514,78,6
514,7,5
514,75,5
514,15,0
514,10,5
514,66,7
514,14,1
514,85,2
514,82,5
514,91,3
514,37,2
514,87,8
515,0,3
515,35,3
515,62,8
515,99,1
515,21,8
515,39,1
515,69,8
515,2,8
515,9,5
515,74,8
515,42,8
515,72,3
515,26,8
515,25,5
515,89,8
516,48,8
516,52,8
516,17,8
516,13,8
516,84,4
516,3,8
516,42,8
516,4,6
516,60,1
516,11,6
516,46,8
516,91,9
516,83,4
516,50,8
517,27,5
517,31,8
517,51,2
517,5,2
517,40,2
517,30,5
517,34,8
517,44,7
517,19,2
517,29,6
517,52,7
517,35,2
517,68,0
517,48,2
517,25,2
518,55,4
518,2,7
518,24,8
518,12,6
518,49,8
518,38,9
518,22,2
518,60,2
518,34,2
518,65,1
518,13,2
518,8,2
518,20,5
519,47,6
519,53,4
519,64,1
519,24,7
519,38,4
519,0,0
519,86,1
519,42,1
519,26,4
519,25,4
519,19,3
519,87,4
519,51,0
519,34,4
520,54,3
520,79,7
520,60,3
520,21,2
520,42,3
520,75,8
520,34,9
520,3,2
520,45,7
520,92,7
520,28,3
520,99,3
520,27,3
520,25,6
520,38,3
521,27,6
521,42,9
521,23,1
521,30,6
521,28,7
521,20,7
521,43,1
521,83,0
521,32,6
521,31,9
521,59,6
521,80,6
521,6,7
521,93,6
522,61,0
522,73,3
522,29,3
522,93,3
522,84,9
522,56,3
522,30,3
522,64,8
522,69,3
522,43,8
522,88,3
522,5,3
522,14,6
522,55,3
523,30,6
523,19,9
523,23,5
523,9,0
523,47,6
523,99,8
523,79,6
523,27,6
523,83,6
523,29,5
523,67,4
523,63,5
523,12,6
523,37,8
524,11,0
524,10,9
524,28,3
524,60,9
524,81,9
524,51,9
524,36,9
524,89,9
524,96,9
524,69,9
524,49,3
524,56,6
524,92,9
524,26,9
524,6,0
525,97,5
525,60,9
525,27,0
525,19,0
525,98,7
525,81,1
525,35,3
525,83,9
525,74,0
525,43,0
525,37,2
525,96,7
525,95,0
525,86,0
526,93,0
526,66,0
526,19,9
526,14,8
526,82,8
526,94,6
526,1,3
526,10,8
526,20,9
526,11,6
526,47,9
526,49,9
526,3,4
526,92,6
526,38,6
527,69,5
527,62,5
527,66,5
527,11,5
527,75,8
527,15,0
527,20,0
527,47,5
527,65,9
527,58,4
527,76,2
527,83,5
527,36,5
527,68,5
528,11,8
528,60,7
528,65,9
528,28,5
528,23,3
528,12,5
528,21,5
528,38,5
528,99,1
528,92,8
528,40,9
528,6,5
528,97,2
528,68,5
529,59,8
529,65,7
529,88,1
529,27,1
529,49,8
529,95,2
529,23,6
529,14,4
529,11,6
529,40,8
529,28,0
529,72,6
529,39,4
530,18,9
530,71,9
530,69,9
530,12,9
530,83,9
530,36,9
530,61,9
530,39,5
530,52,2
530,8,0
530,21,9
530,46,9
530,66,5
530,96,9
530,76,6
531,99,0
531,53,0
531,77,0
531,75,3
531,16,0
531,62,5
531,61,6
531,87,0
531,44,1
531,56,8
531,34,0
531,79,3
531,50,8
532,45,5
532,87,5
532,69,1
532,40,5
532,31,6
532,8,9
532,81,7
532,41,0
532,20,1
532,38,1
532,91,4
532,82,5
532,35,5
532,4,5
532,42,9
533,32,3
533,64,3
533,13,3
533,27,1
533,12,3
533,82,3
533,41,2
533,55,3
533,62,3
533,38,0
533,37,6
533,5,3
533,11,3
533,15,3
533,0,6
534,57,8
534,60,8
534,32,8
534,7,8
534,66,8
534,69,1
534,95,8
534,50,2
534,61,9
534,27,8
534,44,6
534,40,9
534,28,8
534,96,5
534,43,8
535,77,5
535,35,5
535,48,5
535,5,3
535,67,2
535,89,5
535,75,5
535,85,0
535,23,4
535,76,5
535,66,8
535,33,5
535,9,5
535,45,5
536,97,7
536,89,7
536,92,3
536,15,7
536,75,7
536,85,7
536,98,7
536,94,7
536,42,7
536,65,5
536,82,7
536,22,7
536,83,4
536,63,7
536,56,8
537,52,9
537,87,6
537,90,5
537,69,6
537,86,6
537,82,2
537,33,6
537,78,1
537,80,6
537,53,6
537,70,0
537,11,6
537,47,6
537,65,4
537,8,6
538,41,5
538,22,5
538,71,5
538,70,5
538,44,1
538,19,7
538,68,5
538,23,8
538,49,1
538,66,5
538,64,9
538,62,5
538,10,5
538,98,5
539,89,8
539,74,8
539,57,8
539,13,7
539,77,7
539,7,8
539,83,8
539,94,8
539,58,1
539,67,8
539,45,3
539,85,8
539,5,8
539,27,8
540,69,2
540,8,2
540,80,2
540,22,2
540,44,2
540,92,0
540,29,2
540,33,5
540,36,7
540,87,2
540,13,2
540,0,7
540,66,4
541,51,5
541,25,5
541,76,2
541,5,5
541,36,5
541,96,7
541,9,5
541,90,6
541,61,5
541,92,5
541,40,3
541,29,6
541,95,2
542,90,4
542,49,9
542,71,7
542,89,3
542,26,3
542,3,0
542,0,6
542,29,3
542,86,3
542,53,8
542,24,9
542,47,8
542,73,9
542,10,9
542,72,3
543,68,2
543,70,5
543,19,1
543,63,5
543,61,5
543,69,7
543,40,5
543,65,3
543,35,5
543,21,5
543,76,5
543,41,5
543,59,2
543,60,0
543,73,5
544,7,0
544,79,9
544,37,7
544,16,1
544,42,4
544,67,0
544,52,6
544,63,7
544,18,5
544,40,7
544,22,7
544,60,7
544,70,1
544,13,8
545,44,7
545,90,6
545,14,6
545,96,5
545,32,8
545,35,5
545,47,5
545,39,6
545,92,4
545,71,3
545,93,5
545,61,5
545,24,5
546,75,7
546,55,9
546,54,7
546,1,1
546,84,7
546,80,7
546,35,2
546,42,5
546,60,1
546,61,7
546,51,7
546,99,7
546,25,7
546,9,7
547,20,7
547,74,6
547,91,3
547,76,6
547,33,6
547,77,5
547,38,6
547,10,6
547,19,6
547,8,4
547,53,2
547,11,7
547,29,9
547,84,6
548,42,9
548,4,7
548,56,5
548,86,5
548,82,5
548,48,5
548,6,6
548,13,4
548,73,6
548,3,5
548,59,5
548,81,7
548,27,0
548,60,5
549,13,7
549,5,9
549,91,5
549,0,5
549,15,5
549,41,2
549,3,9
549,68,9
549,89,4
549,36,9
549,21,5
549,69,9
549,83,4
549,18,9
549,2,0
550,57,2
550,91,2
550,5,2
550,12,2
550,69,1
550,9,2
550,17,5
550,56,2
550,64,2
550,51,6
550,54,5
550,77,9
550,72,2
550,68,2
550,53,0
551,36,1
551,37,5
551,28,0
551,34,0
551,69,0
551,99,9
551,46,0
551,75,3
551,53,3
551,92,0
551,78,0
551,62,1
551,81,2
551,82,0
552,10,3
552,94,3
552,15,3
552,5,3
552,41,3
552,7,7
552,67,9
552,50,3
552,71,0
552,22,6
552,64,0
552,52,2
552,48,3
552,21,2
552,38,8
553,30,5
553,82,9
553,90,7
553,34,2
553,71,9
553,83,9
553,97,0
553,62,9
553,50,1
553,35,1
553,91,9
553,0,9
553,47,9
553,56,6
553,52,9
554,85,4
554,73,4
554,54,6
554,31,0
554,27,9
554,53,6
554,14,6
554,3,4
554,43,0
554,67,6
554,12,5
554,90,3
554,19,6
554,71,6
555,33,2
555,14,1
555,64,2
555,5,4
555,12,2
555,78,2
555,42,1
555,61,6
555,83,8
555,60,9
555,30,2
555,98,2
555,51,3
555,48,2
556,96,2
556,82,2
556,54,2
556,88,2
556,75,2
556,10,4
556,94,2
556,27,3
556,57,1
556,72,2
556,39,2
556,3,2
556,26,2
556,36,0
557,88,0
557,73,0
557,41,6
557,45,4
557,77,5
557,93,2
557,89,4
557,0,4
557,23,4
557,24,4
557,85,0
558,53,3
558,88,7
558,49,5
558,62,8
558,28,4
558,55,7
558,36,9
558,50,5
558,85,6
558,73,9
558,92,8
558,39,7
558,32,1
558,24,8
559,9,3
559,34,5
559,41,4
559,95,5
559,8,3
559,18,9
559,63,5
559,36,3
559,88,3
559,14,2
559,77,8
559,78,7
559,85,3
559,3,3
559,43,4
560,35,9
560,86,1
560,68,9
560,15,1
560,99,9
560,81,3
560,76,9
560,50,9
560,4,4
560,71,3
560,52,9
560,13,9
560,78,9
560,28,3
560,10,2
561,70,7
561,41,7
561,84,7
561,0,7
561,37,9
561,42,8
561,80,7
561,39,7
561,62,7
561,45,6
561,51,1
561,61,5
561,16,8
561,91,7
561,73,7
562,17,5
562,71,8
562,53,8
562,45,8
562,22,0
562,92,0
562,96,8
562,21,8
562,74,8
562,93,8
562,44,2
562,11,6
563,26,8
563,94,7
563,83,7
563,49,7
563,25,5
563,39,7
563,92,7
563,71,7
563,0,8
563,34,2
563,29,6
563,4,7
563,93,5
563,86,8
563,82,7
564,84,1
564,81,5
564,31,0
564,85,9
564,65,5
564,41,1
564,62,1
564,23,1
564,88,6
564,78,1
564,74,6
564,4,1
564,3,4
565,11,5
565,75,0
565,7,2
565,44,1
565,27,7
565,31,4
565,92,7
565,94,1
565,55,5
565,32,1
565,17,4
565,81,5
565,30,4
565,95,4
565,53,0
566,77,7
566,4,7
566,54,7
566,14,4
566,3,8
566,44,7
566,67,2
566,18,6
566,31,7
566,16,9
566,93,1
566,27,4
566,71,5
567,64,5
567,94,3
567,72,3
567,54,3
567,84,3
567,29,1
567,27,6
567,19,7
567,31,3
567,30,2
567,56,0
567,43,3
567,8,3
567,33,3
567,13,9
568,20,5
568,18,6
568,37,8
568,96,6
568,22,0
568,93,6
568,9,6
568,6,6
568,55,2
568,99,1
568,71,6
568,21,6
568,60,8
569,69,4
569,65,3
569,74,2
569,52,8
569,80,7
569,76,7
569,2,9
569,38,5
569,99,7
569,93,7
569,95,7
569,7,7
569,45,7
569,63,7
570,74,2
570,32,2
570,8,7
570,43,1
570,44,2
570,34,4
570,41,2
570,94,2
570,57,2
570,6,6
570,55,2
570,66,2
570,7,3
570,98,9
570,92,4
571,38,5
571,29,7
571,91,5
571,18,4
571,43,5
571,67,6
571,30,5
571,33,5
571,14,5
571,5,4
571,22,8
571,0,3
571,44,1
572,91,4
572,88,8
572,34,1
572,87,4
572,19,0
572,69,6
572,45,4
572,71,4
572,17,4
572,75,3
572,56,1
572,47,3
572,97,3
572,44,4
573,18,7
573,41,8
573,2,5
573,28,0
573,26,0
573,15,0
573,17,0
573,70,2
573,51,0
573,10,0
573,63,0
573,9,8
573,55,9
574,44,3
574,96,0
574,21,0
574,43,5
574,37,7
574,11,3
574,34,0
574,42,3
574,10,4
574,32,3
574,72,0
574,48,3
574,91,5
575,48,2
575,70,2
575,34,2
575,87,2
575,24,7
575,63,2
575,90,5
575,57,7
575,80,2
575,95,1
575,42,3
575,2,0
575,11,6
576,99,8
576,64,4
576,31,4
576,4,0
576,26,4
576,86,4
576,85,4
576,35,4
576,67,7
576,7,4
576,50,4
576,51,3
576,75,5
576,82,4
577,54,5
577,18,3
577,77,4
577,53,5
577,66,4
577,92,3
577,78,2
577,97,3
577,52,3
577,7,3
577,20,6
577,10,2
577,36,3
578,60,7
578,68,0
578,70,5
578,24,7
578,42,7
578,89,7
578,49,7
578,44,9
578,69,7
578,32,7
578,93,7
578,81,0
578,14,8
578,26,7
579,26,8
579,95,8
579,39,9
579,37,8
579,48,6
579,59,8
579,91,7
579,36,8
579,53,4
579,55,1
579,99,6
579,46,8
580,57,2
580,28,3
580,15,3
580,39,4
580,91,2
580,2,2
580,72,7
580,1,2
580,30,2
580,74,5
580,35,1
580,75,2
580,34,2
580,26,2
580,32,2
581,62,8
581,66,5
581,97,3
581,85,8
581,54,8
581,3,1
581,41,8
581,33,8
581,47,4
581,24,0
581,69,2
581,96,8
581,22,5
581,44,2
582,5,4
582,75,2
582,9,9
582,59,6
582,26,0
582,43,4
582,87,4
582,38,6
582,1,4
582,47,5
582,86,2
582,8,0
582,25,7
582,61,4
583,80,5
583,96,5
583,44,0
583,15,7
583,13,3
583,69,5
583,10,5
583,60,3
583,91,5
583,31,7
583,66,5
583,42,8
583,41,7
583,57,3
583,29,1
584,50,0
584,73,1
584,9,1
584,76,1
584,36,5
584,44,1
584,29,2
584,88,1
584,0,1
584,26,5
584,52,1
584,15,1
584,30,1
584,84,1
585,94,1
585,77,1
585,47,1
585,20,7
585,84,1
585,14,3
585,83,7
585,39,1
585,2,1
585,33,1
585,52,2
585,23,3
585,75,8
585,3,2
585,58,1
586,85,9
586,23,2
586,40,4
586,16,7
586,59,6
586,83,2
586,21,4
586,82,1
586,75,2
586,33,2
586,29,8
586,7,0
586,73,2
586,14,9
586,36,7
587,10,0
587,34,4
587,77,2
587,47,8
587,90,0
587,31,0
587,21,8
587,23,4
587,40,0
587,46,0
587,86,9
587,99,0
587,8,0
587,93,0
588,40,5
588,38,5
588,93,5
588,8,0
588,35,5
588,45,7
588,71,7
588,58,1
588,94,5
588,82,6
588,16,7
588,70,5
588,73,2
588,6,5
589,30,4
589,72,7
589,71,8
589,43,7
589,14,7
589,3,7
589,88,7
589,75,2
589,55,7
589,44,7
589,26,7
589,81,7
589,27,7
589,61,9
589,68,9
590,12,8
590,83,8
590,54,7
590,77,8
590,20,2
590,9,8
590,53,0
590,69,8
590,18,4
590,87,8
590,17,4
590,92,4
590,84,3
590,22,7
591,66,2
591,81,2
591,53,5
591,30,2
591,15,2
591,46,6
591,24,1
591,10,2
591,14,1
591,56,8
591,55,2
591,1,2
591,43,5
591,40,6
591,37,2
592,70,1
592,11,9
592,4,2
592,6,7
592,33,2
592,48,7
592,34,8
592,41,2
592,58,7
592,44,2
592,1,4
592,18,2
592,57,2
593,81,6
593,50,5
593,90,9
593,0,6
593,55,8
593,84,6
593,51,6
593,56,3
593,89,6
593,41,6
593,66,7
593,98,7
593,42,0
593,31,6
594,97,6
594,8,4
594,87,4
594,63,4
594,12,4
594,19,4
594,95,7
594,85,2
594,86,4
594,34,6
594,61,1
594,48,4
594,41,2
594,74,0
595,47,2
595,11,6
595,50,5
595,65,2
595,5,2
595,21,4
595,80,4
595,71,2
595,13,2
595,56,1
595,28,3
595,95,9
595,2,2
595,58,2
596,38,4
596,7,4
596,36,4
596,58,5
596,55,4
596,84,4
596,12,4
596,29,4
596,19,4
596,96,4
596,0,8
596,35,7
596,85,4
596,23,4
597,33,2
597,84,7
597,93,2
597,21,8
597,96,9
597,8,2
597,44,2
597,25,5
597,30,2
597,27,2
597,41,2
597,52,6
597,75,2
597,11,1
598,8,0
598,74,2
598,63,7
598,38,9
598,73,6
598,25,6
598,18,4
598,16,9
598,6,6
598,47,9
598,3,9
598,53,8
598,58,9
598,56,9
598,17,9
599,34,9
599,25,9
599,78,4
599,66,9
599,65,3
599,57,9
599,17,0
599,83,9
599,49,9
599,5,1
599,32,8
599,46,9
599,45,7
599,48,9
599,76,9
600,28,3
600,86,3
600,35,9
600,92,0
600,93,9
600,47,1
600,96,3
600,10,6
600,49,8
600,13,8
600,60,9
600,25,9
600,2,9
600,7,8
600,55,9
601,56,8
601,80,6
601,70,5
601,52,2
601,17,5
601,49,4
601,40,4
601,99,6
601,82,7
601,76,5
601,62,1
601,44,7
601,32,4
601,65,7
602,34,9
602,16,0
602,3,0
602,19,0
602,10,5
602,18,0
602,54,0
602,77,0
602,80,0
602,7,8
602,79,0
602,5,0
602,31,0
603,64,6
603,97,6
603,66,6
603,52,0
603,69,6
603,22,6
603,8,6
603,44,6
603,90,6
603,73,8
603,37,6
603,96,6
603,15,0
603,10,6
603,32,6
604,45,1
604,61,6
604,70,6
604,87,7
604,90,3
604,67,9
604,54,2
604,64,9
604,24,6
604,26,8
604,47,6
604,77,6
604,46,6
604,40,6
605,60,0
605,95,3
605,99,0
605,40,1
605,33,0
605,97,8
605,77,4
605,31,1
605,5,6
605,7,5
605,47,0
605,94,0
605,0,5
605,79,3
605,88,6
606,44,0
606,78,1
606,3,9
606,92,3
606,75,1
606,66,5
606,10,2
606,84,0
606,73,0
606,25,2
606,31,7
606,83,4
606,2,0
606,99,3
607,81,7
607,55,8
607,38,7
607,23,7
607,14,2
607,15,3
607,48,7
607,73,7
607,86,6
607,60,0
607,44,7
607,97,7
607,43,1
607,82,7
608,29,9
608,34,3
608,82,3
608,23,5
608,41,5
608,64,3
608,83,1
608,18,8
608,26,8
608,99,5
608,51,1
608,77,5
608,63,5
608,47,2
608,49,5
609,69,8
609,45,2
609,88,8
609,6,6
609,0,0
609,9,1
609,92,5
609,86,9
609,3,9
609,10,5
609,5,6
609,31,1
609,28,9
609,25,8
609,53,8
610,25,4
610,80,4
610,7,6
610,40,1
610,75,4
610,23,4
610,82,4
610,98,4
610,97,1
610,17,2
610,83,4
610,42,0
611,22,3
611,33,9
611,66,9
611,11,1
611,63,9
611,47,9
611,52,9
611,67,5
611,90,9
611,72,8
611,6,3
611,77,1
611,68,5
611,38,7
611,96,2
612,48,8
612,14,8
612,2,8
612,62,2
612,65,5
612,1,3
612,20,7
612,61,8
612,3,3
612,96,4
612,60,8
612,17,4
612,9,7
612,75,6
612,90,9
613,65,0
613,55,2
613,92,4
613,15,0
613,36,5
613,72,7
613,28,8
613,5,7
613,24,7
613,32,7
613,81,8
613,41,7
613,12,7
613,60,3
613,85,8
614,59,3
614,22,9
614,38,3
614,71,9
614,41,1
614,5,3
614,12,3
614,40,1
614,43,3
614,45,5
614,66,0
614,57,2
614,73,9
614,33,8
615,12,4
615,91,6
615,56,0
615,22,1
615,23,3
615,44,5
615,14,0
615,0,0
615,72,4
615,69,4
615,76,4
615,37,4
616,70,2
616,0,2
616,59,2
616,11,8
616,6,2
616,81,2
616,96,2
616,73,2
616,28,3
616,27,8
616,48,2
616,75,2
616,94,2
616,90,6
617,15,6
617,72,0
617,88,2
617,78,0
617,48,0
617,58,0
617,4,9
617,91,6
617,26,7
617,70,0
617,19,0
617,20,0
617,1,1
617,71,0
617,95,9
618,48,6
618,14,0
618,2,5
618,34,3
618,28,1
618,84,9
618,63,1
618,83,6
618,36,6
618,56,6
618,66,1
618,6,5
618,26,6
618,98,4
619,18,8
619,81,8
619,52,8
619,8,8
619,40,5
619,26,8
619,20,8
619,19,6
619,72,4
619,44,8
619,62,8
619,71,8
619,38,8
619,88,8
619,0,1
620,23,6
620,35,7
620,57,7
620,99,2
620,83,7
620,3,9
620,75,4
620,37,9
620,78,6
620,39,1
620,2,4
620,21,4
620,13,8
620,98,6
620,70,4
621,96,6
621,36,2
621,42,2
621,54,2
621,60,2
621,3,6
621,70,2
621,29,3
621,11,1
621,18,2
621,74,2
621,50,2
621,83,2
621,4,9
621,10,0
622,88,1
622,11,6
622,39,7
622,79,1
622,78,1
622,99,1
622,96,1
622,32,1
622,72,0
622,31,1
622,17,4
622,87,1
622,14,1
623,3,5
623,2,6
623,24,0
623,8,0
623,98,9
623,87,5
623,95,5
623,82,3
623,33,5
623,86,5
623,23,4
623,89,5
624,92,8
624,27,1
624,2,1
624,63,1
624,39,1
624,46,1
624,65,4
624,64,1
624,12,1
624,16,7
624,34,1
624,54,2
624,93,3
625,70,5
625,93,6
625,53,4
625,95,1
625,57,3
625,31,8
625,29,1
625,45,1
625,61,0
625,7,1
625,59,1
625,23,2
625,73,1
626,92,3
626,1,7
626,34,9
626,98,9
626,51,5
626,46,9
626,48,3
626,56,0
626,31,9
626,84,9
626,38,9
626,14,8
626,53,9
626,60,9
627,72,8
627,71,1
627,69,2
627,5,1
627,98,8
627,17,5
627,99,2
627,40,4
627,79,4
627,74,4
627,3,7
627,33,3
627,85,4
627,8,9
627,58,3
628,74,4
628,17,7
628,42,0
628,35,7
628,14,1
628,38,7
628,52,7
628,23,6
628,93,7
628,58,6
628,26,9
628,3,7
628,86,1
629,52,6
629,45,1
629,96,1
629,41,1
629,6,7
629,37,1
629,35,2
629,26,8
629,27,4
629,19,2
629,73,2
629,49,7
629,1,5
630,89,5
630,97,5
630,28,4
630,47,5
630,49,0
630,10,7
630,13,5
630,5,4
630,68,5
630,87,5
630,86,5
630,50,8
630,43,0
630,14,5
631,92,0
631,76,0
631,72,0
631,75,2
631,78,0
631,95,0
631,96,8
631,1,2
631,80,0
631,27,9
631,49,4
631,36,0
631,61,2
631,88,0
631,68,9
632,12,4
632,95,1
632,88,2
632,27,7
632,50,1
632,96,9
632,35,1
632,49,1
632,56,8
632,51,1
632,6,7
632,93,5
632,91,1
632,41,7
633,62,2
633,98,2
633,56,2
633,80,8
633,40,0
633,30,2
633,76,8
633,91,8
633,9,8
633,34,0
633,73,0
633,41,2
633,2,7
633,51,4
633,38,2
634,44,0
634,60,0
634,57,3
634,78,7
634,47,0
634,86,0
634,35,0
634,30,6
634,90,7
634,81,7
634,61,7
634,4,9
634,80,4
634,21,5
635,88,8
635,61,4
635,68,6
635,17,0
635,31,6
635,63,6
635,34,6
635,72,7
635,25,1
635,49,6
635,51,6
635,44,8
635,98,9
635,54,9
636,20,0
636,87,1
636,40,4
636,35,1
636,29,7
636,63,0
636,4,3
636,48,1
636,93,8
636,23,1
636,33,1
636,56,1
636,79,6
637,79,3
637,31,6
637,99,6
637,81,6
637,67,0
637,92,7
637,91,7
637,29,6
637,51,5
637,14,6
637,85,0
637,61,6
637,15,6
637,59,6
638,31,6
638,12,7
638,85,7
638,1,2
638,76,7
638,62,6
638,94,7
638,75,9
638,18,7
638,20,8
638,54,9
638,60,3
638,46,2
638,65,5
639,73,8
639,70,2
639,86,8
639,76,0
639,81,2
639,31,8
639,74,8
639,63,8
639,52,3
639,6,7
639,38,0
639,27,0
640,21,6
640,61,2
640,45,1
640,59,1
640,48,4
640,78,4
640,77,1
640,74,6
640,62,6
640,37,6
640,79,2
640,13,6
640,36,6
641,18,2
641,58,8
641,53,0
641,21,1
641,64,8
641,33,8
641,98,8
641,90,9
641,82,1
641,6,8
641,46,8
641,29,8
641,27,0
641,78,4
641,11,6
642,42,8
642,46,8
642,79,8
642,4,5
642,27,5
642,70,6
642,60,0
642,1,5
642,82,3
642,84,6
642,7,5
642,67,7
642,83,8
642,16,5
643,5,7
643,84,9
643,7,4
643,29,7
643,59,9
643,47,6
643,38,9
643,92,1
643,67,9
643,15,5
643,63,9
643,44,0
643,56,8
643,71,6
644,54,7
644,21,4
644,72,9
644,35,3
644,92,5
644,38,3
644,82,9
644,13,5
644,71,4
644,24,5
644,11,5
644,75,9
644,1,5
644,61,8
645,88,6
645,19,8
645,56,4
645,45,5
645,66,1
645,84,6
645,1,5
645,2,5
645,67,0
645,48,5
645,9,7
645,78,8
645,25,5
645,94,5
646,6,0
646,63,7
646,44,6
646,68,6
646,35,7
646,27,7
646,25,5
646,73,6
646,14,3
646,7,0
646,80,7
646,81,7
646,90,8
646,12,7
647,13,6
647,20,5
647,43,2
647,63,2
647,19,7
647,11,3
647,3,5
647,70,4
647,28,3
647,78,2
647,97,2
647,72,6
647,57,4
648,26,1
648,40,4
648,27,1
648,39,4
648,23,8
648,60,1
648,7,1
648,86,8
648,68,1
648,57,6
648,25,5
648,46,1
648,54,8
649,0,6
649,15,6
649,54,6
649,50,2
649,31,8
649,65,1
649,40,5
649,55,7
649,72,2
649,24,2
649,66,2
649,62,2
649,30,0
649,89,2
650,44,2
650,71,2
650,79,2
650,30,2
650,58,2
650,29,6
650,20,6
650,27,4
650,69,2
650,93,8
650,38,2
650,43,9
650,5,5
650,0,5
651,38,7
651,94,3
651,41,8
651,57,3
651,16,3
651,93,9
651,9,3
651,20,2
651,97,4
651,75,7
651,53,3
651,85,3
651,19,3
651,44,3
652,21,6
652,39,6
652,3,6
652,97,6
652,67,6
652,16,7
652,69,6
652,87,0
652,79,5
652,22,3
652,17,6
652,20,6
652,75,6
652,31,3
653,84,0
653,62,6
653,69,8
653,13,2
653,72,2
653,38,2
653,78,7
653,10,4
653,74,2
653,24,2
653,99,4
653,52,4
653,49,2
653,17,5
654,18,6
654,54,0
654,11,0
654,1,0
654,49,7
654,70,5
654,81,7
654,45,5
654,15,3
654,68,0
654,48,0
654,46,0
654,90,0
654,14,0
655,3,6
655,68,1
655,20,5
655,95,7
655,22,5
655,49,3
655,87,5
655,30,1
655,9,4
655,59,3
655,42,6
655,44,4
655,92,5
655,31,3
655,14,0
656,98,0
656,86,0
656,77,8
656,2,2
656,73,1
656,62,2
656,55,7
656,9,5
656,13,7
656,22,7
656,20,0
656,18,4
656,0,7
656,12,7
657,39,0
657,19,8
657,38,2
657,40,1
657,57,0
657,74,8
657,66,6
657,70,0
657,60,9
657,62,5
657,92,0
657,8,0
657,88,0
658,34,3
658,27,0
658,52,2
658,1,9
658,49,4
658,25,1
658,71,8
658,63,4
658,22,6
658,84,3
658,65,4
658,56,4
658,78,2
658,39,8
658,23,4
659,35,6
659,5,7
659,10,6
659,32,2
659,39,2
659,72,2
659,43,0
659,23,7
659,46,6
659,55,6
659,15,6
659,17,6
659,98,6
659,88,6
659,64,6
660,65,0
660,21,8
660,35,8
660,82,8
660,90,3
660,76,8
660,79,8
660,89,4
660,41,8
660,56,8
660,97,3
660,57,2
660,46,5
660,58,8
661,37,1
661,42,0
661,72,2
661,92,2
661,12,2
661,73,7
661,27,8
661,11,2
661,22,0
661,44,2
661,89,2
661,16,9
661,4,2
662,76,4
662,41,3
662,77,1
662,73,7
662,13,4
662,55,3
662,3,3
662,90,7
662,21,8
662,92,8
662,67,0
662,32,9
662,84,0
662,33,3
662,7,3
663,86,8
663,34,3
663,87,5
663,6,3
663,92,0
663,35,7
663,71,5
663,27,4
663,81,5
663,53,3
663,95,4
663,75,5
664,42,2
664,45,8
664,83,2
664,72,7
664,97,6
664,67,1
664,80,0
664,93,0
664,92,5
664,77,0
664,8,3
664,71,0
664,18,8
664,54,8
665,8,5
665,21,9
665,51,5
665,92,5
665,2,3
665,87,9
665,66,7
665,78,9
665,67,4
665,45,9
665,79,4
665,34,9
665,77,9
665,10,9
666,81,5
666,13,7
666,9,6
666,45,1
666,73,7
666,65,3
666,12,6
666,28,9
666,72,8
666,62,9
666,71,8
666,75,1
666,33,7
666,22,7
666,26,7
667,77,4
667,4,4
667,40,7
667,2,4
667,61,5
667,81,0
667,76,2
667,30,6
667,69,7
667,39,5
667,23,5
667,46,1
667,42,6
667,16,3
667,98,9
668,31,9
668,80,9
668,37,1
668,61,4
668,59,9
668,25,8
668,52,3
668,35,2
668,8,9
668,36,3
668,24,9
668,4,9
668,95,9
668,39,9
669,61,6
669,6,5
669,81,5
669,11,5
669,51,5
669,74,1
669,63,7
669,10,3
669,41,5
669,9,6
669,43,6
669,39,5
669,46,5
669,71,5
670,50,7
670,53,2
670,31,7
670,10,8
670,38,7
670,65,4
670,44,0
670,27,7
670,39,7
670,66,7
670,85,7
670,26,7
670,67,7
670,99,7
671,9,9
671,30,3
671,2,6
671,62,6
671,78,6
671,52,5
671,18,6
671,92,6
671,85,5
671,4,7
671,53,5
671,60,6
672,79,9
672,13,2
672,64,1
672,77,4
672,20,0
672,73,2
672,32,2
672,8,3
672,35,9
672,5,1
672,21,8
672,4,6
672,59,2
672,29,2
672,83,1
673,69,2
673,79,2
673,44,7
673,49,5
673,9,8
673,28,3
673,19,0
673,67,7
673,3,2
673,2,2
673,64,8
673,27,7
673,84,6
673,5,2
674,80,6
674,4,6
674,64,6
674,71,6
674,72,6
674,2,7
674,29,8
674,8,7
674,36,5
674,65,0
674,68,1
674,5,6
674,98,8
674,20,4
675,52,0
675,48,0
675,65,1
675,46,0
675,34,2
675,8,9
675,74,0
675,86,0
675,40,0
675,17,0
675,57,0
675,91,6
675,63,0
675,18,0
676,93,1
676,91,1
676,24,1
676,51,9
676,28,1
676,30,1
676,25,4
676,29,0
676,1,9
676,12,5
676,31,1
676,0,1
676,47,0
676,98,1
677,60,2
677,53,4
677,55,0
677,35,3
677,26,9
677,43,8
677,54,4
677,49,7
677,67,8
677,59,3
677,9,3
677,27,7
677,97,3
677,15,9
678,17,1
678,40,6
678,37,1
678,82,9
678,49,1
678,90,6
678,56,7
678,98,8
678,83,9
678,54,1
678,6,5
678,79,1
678,51,1
679,33,9
679,69,9
679,31,9
679,46,9
679,6,0
679,85,9
679,82,9
679,26,9
679,4,9
679,43,8
679,63,9
679,40,9
679,56,7
679,60,0
679,32,9
680,34,0
680,28,6
680,97,0
680,74,8
680,5,0
680,18,4
680,49,2
680,64,8
680,50,6
680,63,3
680,17,7
680,60,3
680,84,9
680,59,0
681,64,3
681,26,6
681,41,5
681,91,6
681,56,8
681,60,7
681,36,6
681,58,1
681,79,7
681,45,6
681,20,5
681,17,6
681,14,2
682,30,9
682,16,9
682,31,5
682,39,9
682,11,6
682,56,7
682,84,9
682,52,9
682,63,9
682,65,7
682,44,9
682,37,3
682,87,5
682,57,0
683,19,8
683,63,2
683,26,2
683,4,7
683,9,2
683,10,8
683,88,9
683,3,7
683,45,9
683,39,2
683,87,2
683,91,3
683,12,6
684,27,6
684,24,7
684,92,3
684,33,7
684,75,2
684,94,7
684,36,7
684,13,7
684,91,5
684,69,7
684,44,5
684,66,1
684,55,7
684,48,7
685,50,6
685,76,3
685,19,1
685,90,1
685,74,3
685,88,6
685,51,7
685,24,3
685,53,3
685,37,3
685,44,0
685,84,3
685,82,6
685,80,3
686,95,9
686,55,0
686,72,4
686,99,1
686,73,1
686,56,1
686,90,0
686,75,0
686,4,6
686,84,4
686,1,6
686,54,1
686,76,7
687,42,0
687,40,1
687,23,4
687,48,6
687,43,8
687,96,6
687,77,6
687,92,6
687,58,8
687,98,6
687,53,4
687,16,7
687,86,5
688,42,0
688,0,1
688,56,2
688,78,0
688,51,0
688,52,0
688,41,0
688,59,0
688,62,0
688,40,0
688,88,2
688,50,0
688,35,6
688,20,9
689,37,3
689,4,2
689,57,0
689,94,6
689,2,4
689,84,1
689,36,6
689,65,6
689,6,7
689,19,6
689,73,9
689,98,6
689,45,6
689,47,9
689,10,6
690,45,0
690,57,9
690,40,7
690,63,0
690,54,8
690,19,5
690,61,2
690,9,7
690,51,1
690,14,9
690,13,7
690,66,7
690,6,4
691,66,2
691,5,8
691,77,7
691,74,7
691,85,7
691,30,5
691,50,1
691,7,7
691,21,8
691,37,7
691,18,5
691,2,1
691,79,0
691,26,7
692,74,9
692,22,9
692,37,9
692,59,8
692,23,5
692,35,9
692,72,9
692,57,6
692,14,3
692,82,9
692,47,9
692,53,9
692,0,9
692,13,9
692,83,2
693,43,5
693,11,3
693,55,5
693,98,5
693,62,5
693,28,3
693,37,2
693,24,3
693,76,5
693,94,5
693,70,6
693,75,9
693,51,5
693,95,5
693,84,5
694,49,2
694,70,2
694,6,1
694,73,1
694,99,2
694,98,8
694,19,2
694,92,2
694,56,2
694,91,2
694,71,2
694,26,5
694,84,4
694,65,2
695,45,7
695,13,2
695,98,2
695,72,4
695,61,3
695,55,1
695,1,2
695,6,0
695,58,0
695,83,6
695,93,2
695,70,2
695,24,0
695,49,4
695,84,5
696,27,6
696,71,7
696,68,7
696,28,7
696,32,7
696,56,7
696,26,3
696,4,7
696,37,7
696,12,6
696,63,1
696,54,5
696,92,7
697,21,7
697,70,7
697,27,7
697,18,0
697,7,7
697,43,7
697,54,7
697,74,7
697,66,8
697,50,2
697,22,2
697,0,7
697,62,4
697,99,3
698,92,0
698,85,1
698,12,0
698,35,0
698,1,2
698,0,0
698,67,0
698,37,0
698,28,1
698,82,0
698,89,6
698,52,7
698,27,4
698,20,2
699,48,0
699,62,8
699,79,5
699,55,1
699,9,0
699,91,0
699,31,2
699,41,0
699,8,0
699,46,0
699,87,0
699,29,0
699,86,0
699,60,3
700,73,8
700,66,2
700,44,5
700,62,2
700,68,0
700,61,3
700,7,2
700,23,8
700,96,2
700,69,1
700,72,2
700,56,3
700,53,6
700,64,5
700,81,9
701,82,4
701,17,6
701,27,6
701,39,6
701,34,6
701,25,6
701,20,6
701,90,6
701,13,6
701,24,1
701,68,6
701,95,6
701,54,6
702,83,6
702,34,5
702,19,2
702,56,6
702,8,6
702,72,1
702,91,3
702,85,1
702,86,6
702,54,5
702,15,1
702,25,5
702,80,6
702,82,8
702,10,6
703,78,4
703,64,4
703,12,4
703,63,4
703,58,9
703,76,4
703,75,4
703,29,4
703,8,4
703,18,2
703,93,4
703,94,4
703,81,4
704,39,0
704,95,6
704,46,6
704,61,0
704,34,4
704,96,6
704,42,4
704,29,1
704,4,6
704,50,6
704,9,6
704,80,6
704,41,6
705,95,3
705,79,9
705,15,1
705,58,5
705,66,4
705,89,1
705,69,1
705,68,8
705,16,1
705,91,3
705,24,2
705,21,3
705,14,1
705,32,9
706,94,9
706,69,9
706,22,4
706,92,9
706,32,2
706,93,9
706,95,3
706,46,9
706,9,9
706,21,8
706,67,3
706,18,9
707,47,3
707,3,7
707,75,7
707,84,3
707,62,3
707,68,3
707,78,3
707,1,5
707,73,3
707,2,0
707,51,7
707,27,2
707,66,3
707,88,4
708,46,6
708,26,6
708,11,6
708,4,6
708,81,6
708,99,9
708,41,4
708,33,6
708,44,8
708,20,6
708,49,6
708,14,2
708,95,6
709,6,7
709,14,1
709,40,4
709,78,1
709,76,1
709,43,7
709,18,0
709,45,3
709,32,1
709,65,1
709,29,6
709,64,4
709,5,3
709,3,0
710,7,4
710,2,9
710,75,4
710,42,4
710,51,4
710,79,4
710,23,4
710,43,1
710,20,4
710,41,9
710,9,0
710,33,2
710,26,4
710,66,6
710,21,4
711,21,7
711,85,0
711,22,7
711,35,7
711,98,7
711,83,7
711,44,0
711,49,7
711,72,5
711,6,7
711,62,7
711,31,7
711,75,7
711,37,1
712,57,9
712,7,9
712,98,9
712,91,8
712,39,1
712,49,4
712,69,8
712,41,9
712,81,9
712,19,1
712,46,9
712,26,0
712,33,9
712,9,1
712,1,1
713,66,5
713,91,6
713,38,6
713,55,6
713,80,6
713,36,6
713,81,6
713,83,6
713,23,9
713,70,6
713,6,5
713,49,6
713,28,2
713,75,6
713,8,6
714,56,5
714,78,5
714,62,7
714,29,1
714,26,3
714,74,9
714,33,7
714,4,3
714,67,4
714,8,2
714,66,3
714,5,8
714,19,3
715,14,3
715,21,9
715,86,3
715,24,7
715,6,3
715,36,3
715,79,3
715,72,0
715,70,3
715,5,3
715,92,6
715,15,4
715,2,3
715,41,9
716,4,8
716,84,3
716,11,2
716,5,8
716,86,8
716,65,4
716,55,8
716,79,0
716,1,8
716,6,8
716,35,8
716,19,3
716,36,8
717,2,2
717,96,2
717,6,2
717,78,2
717,67,2
717,69,5
717,81,2
717,39,2
717,15,3
717,61,8
717,52,2
717,33,2
717,13,2
717,74,2
718,50,9
718,63,7
718,22,1
718,58,7
718,56,7
718,8,5
718,51,7
718,33,7
718,93,7
718,77,7
718,32,1
718,53,7
718,1,7
718,89,8
718,62,7
719,2,3
719,75,5
719,72,8
719,17,0
719,15,8
719,98,5
719,46,2
719,11,8
719,65,3
719,74,2
719,95,9
719,24,8
719,53,5
719,4,4
720,91,1
720,65,9
720,95,4
720,48,1
720,25,4
720,0,1
720,12,1
720,5,0
720,14,1
720,6,1
720,31,7
720,37,1
720,27,1
721,37,0
721,19,6
721,96,2
721,42,8
721,44,6
721,56,9
721,31,8
721,90,7
721,2,8
721,41,8
721,28,1
721,35,8
721,1,3
722,27,8
722,22,7
722,89,7
722,60,8
722,54,6
722,31,7
722,25,7
722,6,9
722,21,3
722,1,7
722,33,7
722,46,5
722,58,5
722,87,7
722,83,5
723,52,7
723,92,2
723,76,2
723,70,1
723,14,2
723,67,6
723,4,2
723,43,8
723,97,2
723,16,7
723,5,2
723,91,7
723,73,2
724,96,9
724,19,2
724,16,7
724,83,4
724,69,2
724,41,3
724,57,3
724,43,7
724,87,2
724,90,0
724,94,2
724,55,2
724,75,3
724,25,2
725,89,7
725,17,4
725,42,4
725,74,4
725,5,0
725,72,4
725,13,4
725,28,4
725,95,1
725,21,4
725,41,9
725,40,4
725,90,4
725,60,4
725,16,4
726,7,0
726,49,9
726,16,3
726,34,1
726,1,8
726,52,8
726,39,7
726,93,8
726,56,8
726,15,7
726,53,2
726,37,5
726,74,8
726,77,0
727,41,5
727,62,7
727,37,2
727,98,5
727,75,5
727,72,5
727,22,5
727,42,9
727,32,5
727,9,0
727,45,1
727,52,2
727,59,5
727,30,5
728,90,8
728,5,7
728,22,3
728,39,8
728,63,8
728,37,8
728,26,8
728,55,8
728,8,8
728,80,8
728,96,8
728,92,2
728,48,8
728,33,8
728,91,1
729,78,9
729,34,3
729,58,1
729,19,0
729,0,4
729,8,8
729,93,2
729,84,5
729,98,3
729,70,9
729,20,3
729,46,3
729,82,5
729,68,3
729,85,1
730,48,4
730,91,8
730,0,8
730,17,4
730,19,4
730,1,3
730,32,6
730,18,5
730,41,2
730,2,4
730,97,1
730,6,3
730,76,8
731,95,8
731,61,6
731,5,0
731,86,9
731,45,6
731,94,3
731,34,3
731,16,3
731,88,3
731,83,6
731,72,6
731,76,8
731,77,3
731,82,3
732,40,1
732,58,6
732,82,0
732,5,9
732,73,9
732,9,8
732,52,6
732,87,6
732,25,2
732,86,6
732,79,4
732,6,6
732,41,2
732,56,1
733,83,1
733,48,2
733,37,6
733,28,5
733,19,5
733,24,4
733,29,6
733,42,5
733,21,5
733,55,5
733,56,9
733,73,5
733,61,6
733,57,5
733,59,7
734,75,1
734,14,7
734,92,7
734,94,7
734,22,7
734,31,3
734,35,7
734,79,7
734,52,7
734,65,8
734,97,7
734,9,7
734,53,1
734,24,1
735,56,4
735,20,5
735,34,4
735,99,4
735,80,4
735,94,4
735,79,4
735,18,6
735,95,1
735,48,4
735,10,4
735,3,4
735,46,3
735,7,4
735,77,4
736,92,9
736,66,0
736,56,0
736,70,2
736,98,6
736,89,4
736,58,3
736,55,0
736,7,0
736,44,2
736,41,0
736,99,4
736,0,1
736,8,6
737,80,5
737,99,5
737,56,7
737,5,5
737,28,4
737,83,5
737,0,4
737,38,1
737,41,3
737,66,5
737,16,8
737,35,5
737,94,5
738,78,0
738,67,4
738,58,0
738,33,0
738,69,9
738,83,0
738,15,5
738,61,0
738,63,0
738,71,8
738,47,0
738,19,6
738,16,6
738,96,0
738,22,4
739,27,2
739,69,8
739,83,9
739,7,7
739,62,3
739,43,4
739,20,3
739,35,3
739,66,6
739,21,3
739,24,3
739,0,1
739,31,2
739,9,3
740,31,8
740,28,8
740,83,9
740,51,0
740,1,8
740,32,2
740,35,6
740,70,8
740,95,8
740,6,8
740,13,8
740,14,8
740,44,8
740,19,8
741,16,3
741,8,8
741,2,7
741,71,8
741,58,8
741,56,9
741,12,8
741,36,8
741,17,8
741,21,8
741,98,8
741,45,8
741,41,8
742,43,6
742,13,0
742,5,3
742,97,8
742,40,0
742,4,0
742,23,3
742,50,8
742,16,0
742,49,0
742,91,4
742,21,0
742,69,0
742,66,0
743,39,3
743,10,1
743,0,1
743,5,1
743,22,5
743,28,9
743,95,1
743,6,6
743,34,0
743,21,5
743,72,1
743,94,1
743,8,3
743,52,4
744,23,0
744,24,8
744,20,7
744,25,8
744,60,8
744,56,2
744,67,8
744,37,8
744,77,2
744,7,8
744,16,2
744,88,5
744,13,5
744,95,8
744,42,8
745,65,9
745,4,3
745,24,6
745,20,8
745,66,3
745,49,8
745,90,3
745,2,3
745,51,3
745,8,9
745,9,6
745,54,3
745,19,3
745,37,3
746,71,8
746,47,5
746,2,3
746,78,5
746,46,8
746,28,2
746,45,5
746,90,5
746,69,7
746,29,7
746,81,3
746,6,5
746,30,5
747,84,8
747,2,7
747,69,7
747,18,7
747,31,7
747,83,7
747,39,7
747,60,0
747,5,4
747,49,6
747,29,7
747,68,4
747,19,7
747,48,7
748,51,3
748,52,8
748,19,3
748,16,9
748,61,1
748,79,0
748,62,2
748,3,3
748,39,9
748,17,9
748,15,1
748,76,9
748,44,9
748,83,9
748,40,9
749,62,7
749,23,7
749,35,7
749,8,0
749,52,1
749,92,9
749,24,7
749,5,5
749,79,7
749,58,7
749,75,7
749,39,5
749,11,7
749,90,2
750,60,2
750,62,7
750,11,7
750,26,7
750,23,7
750,59,8
750,2,4
750,47,7
750,90,9
750,19,7
750,94,7
750,76,6
750,27,7
750,57,7
751,13,6
751,48,6
751,40,6
751,17,1
751,5,0
751,87,6
751,61,8
751,67,8
751,33,6
751,18,6
751,64,8
751,51,8
751,9,8
751,80,6
751,96,6
752,95,9
752,11,1
752,48,3
752,8,6
752,88,0
752,61,9
752,1,3
752,85,8
752,83,4
752,99,9
752,54,5
752,42,3
752,82,5
752,3,3
753,34,4
753,35,5
753,26,3
753,81,6
753,23,3
753,71,3
753,97,3
753,40,7
753,19,3
753,98,3
753,58,3
753,88,0
753,65,7
753,24,7
754,97,9
754,13,2
754,22,5
754,12,9
754,18,9
754,42,9
754,4,9
754,48,9
754,51,0
754,36,9
754,56,1
754,50,9
754,2,9
754,61,9
754,25,3
755,79,4
755,28,8
755,77,7
755,0,7
755,96,0
755,73,6
755,35,8
755,10,8
755,46,7
755,86,7
755,51,7
755,4,7
755,20,3
755,84,2
756,63,2
756,72,2
756,49,2
756,50,5
756,77,7
756,16,2
756,17,0
756,21,2
756,15,6
756,6,5
756,41,2
756,57,7
756,83,5
756,5,0
756,45,2
757,98,0
757,43,2
757,6,0
757,63,0
757,21,5
757,78,1
757,47,0
757,84,0
757,10,7
757,67,5
757,34,0
757,93,0
757,19,1
758,38,9
758,45,9
758,91,9
758,20,9
758,35,5
758,15,0
758,89,9
758,92,2
758,33,0
758,17,9
758,66,9
758,73,9
758,75,7
758,85,1
758,93,9
759,12,4
759,27,4
759,53,4
759,77,4
759,42,8
759,51,4
759,26,4
759,29,4
759,88,7
759,20,6
759,45,0
759,47,4
760,92,9
760,17,8
760,28,8
760,68,8
760,96,8
760,66,7
760,82,8
760,85,8
760,73,8
760,63,8
760,50,3
760,74,8
760,65,4
760,12,6
760,42,6
761,82,6
761,16,4
761,3,4
761,43,2
761,7,2
761,13,7
761,51,0
761,83,2
761,61,2
761,59,2
761,84,2
761,60,2
761,69,0
761,92,7
761,22,1
762,48,8
762,58,1
762,3,7
762,43,8
762,17,7
762,11,6
762,1,8
762,21,8
762,46,8
762,33,8
762,39,0
762,20,6
762,69,2
762,52,8
762,63,1
763,25,4
763,11,4
763,53,4
763,77,4
763,12,4
763,56,9
763,55,8
763,13,4
763,0,4
763,6,5
763,86,4
763,46,4
763,91,4
763,89,4
763,35,1
764,51,5
764,64,0
764,86,5
764,20,0
764,8,5
764,45,5
764,54,5
764,31,5
764,23,1
764,47,5
764,26,5
764,78,6
764,94,5
764,3,5
764,76,3
765,61,0
765,38,8
765,22,5
765,88,8
765,71,8
765,0,2
765,51,0
765,16,8
765,15,8
765,83,8
765,97,1
765,98,8
765,95,8
765,18,4
766,48,6
766,86,3
766,95,1
766,98,6
766,11,8
766,67,0
766,83,6
766,42,5
766,36,1
766,1,9
766,74,5
766,2,6
766,56,7
767,40,8
767,85,7
767,44,5
767,63,3
767,96,2
767,19,7
767,35,8
767,1,1
767,25,8
767,31,5
767,84,8
767,34,8
767,88,0
768,43,7
768,5,4
768,58,7
768,16,7
768,50,6
768,68,3
768,94,7
768,59,7
768,7,7
768,37,0
768,15,7
768,21,8
768,71,7
769,34,3
769,19,3
769,90,2
769,47,2
769,64,6
769,3,2
769,31,2
769,9,6
769,78,6
769,17,2
769,27,2
769,20,4
769,73,6
770,5,7
770,96,5
770,26,5
770,76,8
770,1,5
770,98,5
770,63,5
770,39,5
770,8,9
770,87,5
770,29,2
770,12,5
770,30,5
771,93,4
771,94,4
771,8,6
771,88,6
771,25,4
771,17,7
771,44,3
771,46,4
771,19,5
771,18,7
771,12,4
771,89,4
771,70,5
771,92,4
771,95,4
772,12,3
772,58,8
772,34,6
772,76,8
772,94,0
772,68,1
772,1,0
772,91,0
772,33,0
772,73,0
772,27,0
772,21,0
773,39,9
773,62,1
773,50,0
773,48,4
773,2,0
773,7,4
773,73,4
773,16,4
773,40,9
773,72,4
773,54,9
773,75,2
773,37,4
773,60,0
773,66,1
774,79,6
774,20,9
774,46,3
774,34,3
774,66,8
774,98,4
774,2,3
774,11,5
774,19,7
774,1,2
774,76,3
774,63,3
774,85,2
774,5,6
774,81,3
775,49,7
775,44,5
775,13,7
775,63,7
775,35,2
775,20,4
775,22,4
775,3,7
775,74,8
775,46,7
775,43,7
775,99,7
775,65,7
775,8,4
776,2,2
776,7,1
776,67,4
776,44,2
776,84,2
776,20,9
776,92,4
776,55,5
776,62,4
776,22,2
776,23,4
776,86,3
776,99,6
776,0,4
776,5,7
777,45,8
777,52,0
777,59,6
777,20,2
777,32,1
777,11,0
777,12,1
777,81,2
777,97,1
777,68,4
777,88,3
777,41,9
777,31,1
777,4,9
777,67,1
778,49,3
778,46,6
778,7,6
778,64,6
778,29,6
778,44,6
778,17,6
778,3,4
778,95,6
778,66,8
778,48,6
778,93,6
778,31,2
778,40,6
778,58,6
779,96,2
779,34,9
779,2,0
779,53,0
779,36,0
779,14,0
779,22,0
779,18,0
779,81,0
779,41,5
779,49,2
779,33,0
779,69,6
779,17,0
780,84,2
780,10,5
780,95,7
780,29,2
780,13,5
780,20,2
780,37,2
780,9,3
780,36,2
780,98,2
780,77,6
780,93,2
780,88,2
780,71,0
781,41,6
781,72,6
781,22,7
781,93,4
781,18,6
781,95,5
781,71,4
781,44,6
781,39,5
781,90,4
781,3,0
781,84,7
781,49,3
781,59,6
781,31,2
782,72,5
782,25,0
782,23,0
782,94,4
782,27,4
782,71,4
782,33,4
782,0,3
782,30,5
782,2,4
782,61,6
782,79,4
782,37,4
782,52,2
782,76,6
783,39,9
783,37,9
783,28,6
783,29,9
783,84,1
783,77,9
783,80,9
783,17,9
783,45,0
783,76,6
783,36,9
783,61,0
783,7,4
784,98,4
784,95,5
784,8,8
784,44,7
784,27,4
784,76,8
784,48,4
784,94,4
784,70,5
784,30,3
784,78,9
784,39,6
784,4,1
784,9,4
784,80,4
785,52,5
785,43,5
785,21,4
785,15,7
785,76,5
785,33,5
785,79,5
785,4,5
785,89,5
785,71,1
785,37,3
785,84,5
785,63,5
785,90,7
785,48,5
786,94,9
786,13,5
786,79,9
786,67,2
786,44,9
786,39,9
786,70,6
786,84,8
786,25,9
786,69,7
786,37,9
786,45,9
786,65,9
787,65,9
787,2,3
787,55,0
787,70,9
787,35,6
787,8,9
787,18,9
787,72,0
787,62,4
787,5,5
787,81,9
787,89,9
787,3,7
787,54,3
788,3,6
788,17,1
788,11,1
788,95,6
788,6,8
788,83,1
788,90,1
788,85,1
788,74,1
788,55,8
788,39,4
788,9,1
788,19,1
788,0,1
789,67,2
789,94,2
789,32,9
789,31,3
789,84,7
789,74,5
789,61,2
789,38,7
789,34,3
789,1,8
789,75,2
789,2,2
789,98,1
790,70,7
790,25,4
790,3,7
790,65,4
790,13,0
790,21,2
790,66,2
790,8,6
790,89,4
790,52,9
790,9,3
790,88,5
790,53,4
790,38,9
790,96,6
791,63,9
791,21,2
791,71,5
791,37,6
791,15,9
791,92,7
791,38,8
791,20,1
791,99,8
791,25,8
791,94,9
791,54,5
791,24,7
791,43,1
792,74,7
792,91,0
792,72,9
792,17,9
792,62,5
792,81,4
792,55,9
792,1,2
792,44,1
792,77,8
792,28,3
792,94,9
792,13,9
792,49,9
793,81,7
793,30,6
793,93,5
793,0,8
793,55,5
793,33,0
793,42,5
793,28,8
793,51,5
793,95,3
793,64,9
793,14,5
793,71,8
794,50,2
794,38,0
794,6,0
794,81,9
794,0,2
794,89,2
794,85,2
794,87,2
794,93,2
794,26,6
794,40,2
794,64,2
794,83,2
795,16,6
795,94,8
795,69,8
795,68,8
795,18,8
795,41,8
795,55,1
795,84,8
795,21,0
795,89,8
795,99,6
795,22,2
795,52,1
795,54,7
796,43,0
796,88,0
796,93,0
796,22,0
796,12,0
796,32,4
796,41,0
796,60,4
796,8,0
796,24,0
796,68,7
796,19,3
796,50,4
796,52,9
797,0,5
797,82,5
797,47,4
797,32,5
797,4,9
797,36,6
797,33,0
797,7,0
797,94,6
797,52,5
797,80,5
797,70,6
797,83,5
797,16,1
797,87,5
798,72,4
798,32,1
798,50,6
798,46,6
798,16,2
798,83,8
798,43,6
798,78,7
798,21,2
798,45,6
798,12,6
798,47,1
798,68,6
799,31,4
799,2,8
799,26,6
799,41,5
799,4,1
799,80,0
799,82,0
799,77,7
799,58,0
799,12,3
799,65,0
799,6,8
799,70,6
800,74,4
800,5,7
800,48,5
800,88,8
800,7,8
800,3,9
800,57,8
800,68,8
800,66,8
800,71,8
800,60,8
800,27,8
800,25,6
800,86,2
800,17,7
801,0,3
801,44,4
801,40,6
801,60,6
801,33,6
801,97,6
801,36,6
801,91,6
801,2,5
801,48,6
801,47,5
801,86,6
801,13,6
801,26,6
801,28,6
802,94,0
802,82,6
802,46,6
802,0,0
802,12,0
802,53,0
802,56,3
802,67,4
802,78,3
802,34,0
802,15,6
802,2,2
802,58,0
802,75,4
803,74,6
803,45,3
803,9,3
803,84,3
803,92,4
803,55,2
803,31,3
803,35,3
803,3,3
803,95,3
803,20,3
803,44,6
803,41,3
803,53,3
804,34,8
804,36,3
804,64,8
804,81,3
804,17,3
804,7,5
804,19,0
804,21,6
804,45,3
804,25,9
804,63,3
804,3,0
804,69,3
804,22,1
804,39,7
805,80,5
805,66,4
805,82,5
805,58,0
805,3,5
805,10,5
805,25,4
805,86,5
805,68,9
805,97,9
805,73,3
805,88,1
805,59,5
805,72,7
806,78,7
806,38,1
806,13,7
806,8,7
806,28,7
806,74,8
806,18,7
806,94,7
806,76,3
806,50,7
806,12,6
806,69,6
806,66,4
806,75,7
807,55,9
807,83,9
807,87,9
807,21,0
807,51,3
807,38,9
807,56,9
807,76,8
807,18,9
807,72,3
807,67,9
807,32,7
807,41,7
807,54,5
808,68,7
808,95,1
808,70,2
808,81,8
808,14,1
808,46,7
808,49,6
808,19,9
808,42,7
808,50,1
808,32,2
808,60,6
808,88,2
809,62,6
809,24,3
809,99,6
809,11,7
809,4,6
809,69,6
809,97,2
809,79,6
809,89,3
809,56,6
809,8,2
809,53,4
809,96,6
809,35,9
809,77,1
810,72,5
810,9,1
810,10,9
810,26,9
810,8,7
810,88,8
810,85,1
810,80,1
810,66,1
810,49,9
810,16,4
810,32,5
810,51,6
810,41,1
810,64,0
811,3,7
811,74,4
811,52,2
811,55,4
811,50,4
811,35,4
811,98,4
811,80,4
811,82,4
811,40,4
811,37,8
811,99,4
811,7,4
812,92,6
812,48,6
812,41,6
812,69,6
812,60,6
812,25,6
812,28,6
812,56,8
812,94,6
812,85,9
812,82,6
812,72,5
812,76,4
812,2,6
813,52,2
813,84,6
813,36,2
813,99,7
813,87,6
813,68,8
813,40,3
813,22,2
813,51,7
813,91,6
813,86,6
813,70,7
813,77,9
813,61,6
813,96,6
814,24,6
814,58,6
814,68,8
814,50,3
814,99,6
814,30,8
814,34,5
814,28,3
814,77,1
814,43,6
814,31,8
814,40,7
814,15,3
814,95,9
814,90,1
815,14,1
815,77,2
815,23,1
815,12,1
815,36,1
815,78,4
815,80,1
815,79,6
815,37,1
815,44,8
815,7,6
815,99,7
815,56,0
815,91,1
816,44,5
816,32,7
816,22,5
816,29,7
816,83,5
816,76,5
816,35,8
816,3,4
816,37,5
816,85,5
816,96,5
816,98,0
817,63,3
817,10,2
817,86,3
817,25,0
817,23,4
817,6,7
817,8,3
817,47,3
817,54,8
817,77,0
817,85,5
817,4,9
817,93,1
818,49,0
818,76,8
818,86,1
818,2,8
818,53,8
818,38,4
818,63,8
818,21,3
818,18,5
818,43,8
818,82,8
818,92,4
818,47,8
818,52,3
818,87,8
819,74,0
819,17,5
819,16,5
819,87,0
819,90,0
819,41,0
819,24,0
819,11,0
819,62,2
819,64,0
819,5,0
819,57,0
819,37,1
819,77,6
820,25,4
820,77,9
820,18,3
820,54,7
820,90,8
820,7,7
820,20,0
820,86,7
820,87,9
820,63,9
820,15,5
820,60,4
821,18,9
821,61,1
821,87,1
821,56,1
821,94,1
821,55,1
821,80,1
821,9,2
821,79,1
821,60,8
821,40,6
821,30,8
821,75,2
821,36,1
822,0,1
822,44,9
822,64,0
822,53,1
822,16,1
822,24,1
822,54,1
822,9,1
822,32,7
822,4,5
822,20,6
822,73,1
822,62,3
823,86,8
823,26,8
823,48,8
823,22,8
823,32,8
823,14,8
823,61,8
823,69,3
823,71,0
823,91,4
823,78,2
823,18,8
823,84,4
823,25,2
823,59,8
824,90,2
824,98,4
824,20,6
824,95,1
824,35,6
824,14,6
824,30,6
824,4,1
824,48,6
824,22,6
824,85,6
824,38,6
824,74,3
824,71,6
825,98,6
825,92,6
825,33,6
825,81,6
825,96,1
825,26,7
825,23,8
825,24,6
825,29,6
825,68,6
825,94,6
825,22,8
825,7,6
825,6,9
826,81,6
826,50,4
826,34,4
826,85,3
826,1,2
826,60,3
826,65,3
826,69,7
826,44,6
826,20,0
826,73,6
826,33,6
826,57,6
826,23,6
827,91,4
827,14,7
827,78,5
827,35,2
827,68,7
827,71,7
827,84,4
827,22,0
827,0,1
827,97,7
827,51,9
827,43,7
827,74,8
827,45,0
828,52,4
828,62,7
828,35,7
828,28,4
828,98,9
828,26,8
828,61,3
828,33,2
828,9,9
828,48,9
828,34,1
828,24,9
829,58,4
829,17,2
829,49,2
829,32,2
829,3,6
829,19,9
829,43,8
829,86,6
829,65,0
829,83,2
829,23,4
829,93,2
829,8,8
830,12,1
830,34,1
830,2,4
830,92,8
830,38,1
830,28,0
830,81,1
830,82,1
830,35,1
830,59,0
830,1,8
830,37,8
830,49,1
830,48,3
830,79,9
831,75,9
831,61,8
831,83,8
831,27,1
831,85,8
831,11,8
831,74,8
831,70,8
831,38,8
831,17,1
831,0,3
831,66,2
831,1,8
832,42,5
832,16,5
832,19,3
832,53,7
832,90,5
832,25,1
832,4,2
832,88,9
832,34,5
832,52,5
832,60,5
832,1,1
832,44,4
832,47,7
832,97,7
833,43,4
833,3,4
833,26,0
833,79,3
833,47,4
833,39,4
833,15,5
833,20,3
833,45,4
833,75,4
833,54,4
833,19,1
834,71,5
834,96,5
834,90,5
834,6,3
834,30,2
834,10,9
834,47,0
834,77,5
834,20,1
834,26,1
834,64,5
834,51,5
834,74,9
834,37,5
835,76,3
835,63,6
835,21,7
835,16,6
835,77,6
835,55,6
835,62,8
835,2,6
835,93,6
835,25,1
835,56,6
835,17,8
835,33,6
835,35,4
835,80,6
836,54,6
836,91,8
836,11,6
836,5,7
836,60,4
836,47,6
836,1,5
836,16,2
836,41,6
836,86,0
836,8,6
836,10,8
836,45,6
837,77,9
837,23,9
837,78,6
837,75,9
837,40,7
837,86,5
837,34,6
837,16,0
837,29,2
837,61,7
837,2,9
837,90,9
837,18,9
837,97,3
837,15,1
838,65,9
838,88,3
838,46,8
838,51,3
838,55,3
838,8,4
838,13,3
838,40,0
838,18,1
838,38,3
838,32,5
838,11,0
838,61,3
838,42,3
839,6,5
839,24,4
839,95,1
839,35,9
839,29,9
839,79,8
839,5,5
839,96,9
839,58,9
839,22,2
839,76,6
839,10,9
839,68,8
839,9,9
840,26,1
840,37,0
840,3,1
840,5,1
840,30,1
840,38,6
840,4,4
840,88,1
840,18,1
840,34,8
840,35,2
840,17,1
840,6,5
840,47,1
840,70,7
841,94,3
841,31,9
841,69,0
841,32,7
841,97,7
841,6,6
841,73,3
841,22,9
841,1,2
841,64,9
841,23,3
841,34,6
841,68,3
841,21,3
841,25,3
842,43,8
842,20,3
842,11,5
842,8,9
842,5,3
842,35,4
842,36,3
842,83,3
842,94,3
842,61,3
842,23,1
842,9,0
842,49,5
842,93,3
842,17,0
843,2,1
843,50,1
843,49,1
843,75,1
843,39,1
843,4,3
843,52,0
843,46,1
843,61,1
843,27,1
843,16,1
843,68,1
843,86,1
843,14,3
844,21,1
844,61,5
844,13,1
844,69,4
844,52,0
844,9,0
844,99,3
844,81,1
844,8,0
844,40,1
844,67,8
844,35,1
845,2,1
845,7,7
845,71,7
845,67,7
845,26,7
845,94,5
845,93,7
845,60,7
845,81,2
845,17,2
845,22,6
845,19,6
845,13,7
845,76,3
845,43,9
846,24,6
846,86,9
846,91,1
846,8,1
846,19,1
846,4,0
846,2,1
846,70,5
846,35,0
846,95,1
846,11,7
846,37,4
846,88,1
846,31,7
847,97,4
847,98,4
847,82,7
847,35,0
847,54,7
847,14,3
847,72,4
847,79,2
847,2,7
847,26,7
847,65,8
847,13,7
847,84,7
847,56,2
848,30,0
848,3,7
848,39,0
848,96,3
848,13,0
848,92,0
848,62,0
848,97,0
848,17,5
848,27,2
848,42,6
848,5,1
848,6,2
849,15,1
849,97,1
849,68,2
849,74,5
849,34,1
849,61,1
849,56,1
849,89,1
849,41,1
849,26,1
849,6,1
849,33,1
849,18,1
850,62,3
850,71,3
850,32,7
850,12,3
850,2,3
850,99,8
850,55,3
850,95,9
850,4,3
850,43,3
850,81,1
850,3,4
850,76,4
850,17,3
851,5,9
851,51,2
851,82,9
851,83,9
851,40,9
851,16,5
851,17,9
851,95,9
851,7,9
851,61,9
851,47,9
851,8,0
851,2,4
851,20,8
852,17,8
852,7,5
852,54,7
852,49,9
852,32,3
852,74,3
852,46,5
852,94,7
852,97,5
852,4,5
852,57,1
852,18,5
852,10,0
853,17,5
853,68,4
853,61,5
853,67,6
853,13,5
853,95,3
853,21,5
853,65,2
853,31,6
853,49,2
853,28,5
853,84,5
853,83,9
853,2,5
854,88,2
854,98,2
854,29,1
854,37,2
854,96,2
854,77,5
854,75,5
854,1,2
854,78,8
854,80,2
854,41,1
854,22,2
854,0,2
854,40,3
855,83,4
855,82,9
855,27,5
855,79,4
855,25,3
855,72,4
855,57,4
855,55,2
855,19,4
855,8,4
855,46,4
856,4,4
856,95,8
856,27,8
856,93,8
856,11,8
856,79,8
856,49,8
856,82,8
856,55,8
856,0,8
856,87,4
856,60,8
856,38,8
856,47,8
857,69,0
857,57,1
857,45,5
857,51,3
857,3,1
857,4,3
857,67,2
857,33,3
857,0,8
857,92,3
857,7,0
857,83,8
857,9,3
857,74,3
857,30,0
858,18,3
858,2,0
858,95,8
858,63,3
858,83,3
858,5,3
858,47,3
858,53,3
858,9,5
858,71,3
858,13,3
858,60,2
858,35,3
858,94,3
859,9,9
859,35,8
859,25,3
859,0,9
859,3,9
859,39,4
859,87,9
859,24,5
859,22,9
859,96,0
859,75,6
859,93,3
859,51,8
859,14,4
859,63,5
860,47,1
860,14,9
860,97,8
860,4,3
860,8,4
860,40,6
860,48,1
860,20,8
860,49,8
860,36,8
860,54,8
860,24,8
860,19,5
860,46,8
861,72,3
861,27,8
861,79,0
861,54,5
861,50,0
861,82,0
861,8,5
861,65,0
861,67,7
861,21,0
861,43,0
861,94,0
861,59,0
861,6,0
861,4,0
862,16,1
862,14,3
862,98,1
862,86,9
862,34,1
862,52,3
862,13,1
862,68,4
862,27,6
862,57,4
862,89,1
862,35,1
862,58,1
862,1,1
863,88,0
863,1,6
863,90,6
863,74,9
863,20,1
863,2,3
863,69,6
863,3,3
863,63,6
863,19,6
863,22,6
863,83,4
863,34,9
863,79,6
863,7,6
864,46,4
864,30,5
864,63,2
864,92,4
864,44,5
864,76,4
864,67,4
864,49,4
864,11,4
864,21,0
864,7,4
864,34,4
864,61,5
864,96,3
865,55,1
865,86,2
865,4,4
865,32,5
865,85,8
865,81,8
865,72,8
865,31,8
865,63,8
865,69,8
865,93,8
865,98,8
865,50,1
865,77,8
865,71,8
866,44,7
866,56,7
866,16,6
866,98,7
866,31,7
866,95,7
866,7,6
866,22,8
866,45,4
866,42,4
866,80,7
866,33,1
866,68,5
866,66,7
867,56,1
867,78,1
867,37,1
867,82,1
867,33,1
867,68,1
867,38,4
867,67,9
867,22,7
867,34,1
867,92,1
867,11,4
867,83,8
867,7,4
868,84,5
868,64,7
868,41,5
868,90,1
868,6,1
868,83,5
868,8,5
868,49,5
868,14,0
868,19,3
868,7,5
868,29,0
868,80,0
868,57,8
868,66,2
869,23,9
869,76,5
869,14,9
869,33,9
869,6,5
869,47,0
869,40,7
869,31,5
869,2,8
869,25,9
869,0,8
869,11,5
869,79,5
869,3,5
869,58,1
870,27,1
870,25,2
870,63,2
870,39,9
870,36,2
870,87,0
870,29,2
870,34,2
870,61,2
870,76,2
870,65,2
870,64,2
870,57,7
871,37,1
871,65,9
871,63,1
871,92,3
871,1,1
871,36,1
871,66,0
871,54,1
871,79,1
871,74,1
871,48,5
871,56,5
871,72,8
871,78,5
872,62,0
872,89,7
872,9,7
872,37,7
872,57,4
872,93,1
872,39,8
872,95,6
872,82,7
872,15,4
872,91,7
872,1,7
872,22,3
872,54,5
872,68,7
873,11,6
873,50,4
873,74,4
873,57,4
873,4,4
873,29,4
873,95,7
873,2,8
873,80,5
873,78,4
873,32,4
873,67,2
873,62,4
873,31,4
873,45,9
874,84,5
874,17,5
874,27,5
874,57,4
874,28,5
874,80,5
874,29,5
874,39,6
874,26,1
874,72,5
874,76,6
874,30,9
874,45,5
874,11,5
875,22,8
875,19,8
875,62,3
875,23,4
875,81,0
875,90,1
875,47,6
875,10,9
875,69,2
875,82,8
875,45,5
875,65,8
876,53,7
876,13,5
876,71,5
876,15,9
876,24,5
876,8,5
876,44,8
876,39,5
876,73,5
876,51,5
876,99,5
876,25,1
876,55,7
876,49,7
877,79,6
877,54,8
877,75,2
877,71,1
877,1,4
877,96,6
877,66,4
877,0,6
877,18,6
877,50,6
877,62,6
877,13,6
877,60,3
877,45,6
878,46,8
878,92,3
878,63,8
878,1,0
878,8,1
878,50,5
878,44,5
878,56,4
878,99,9
878,51,5
878,31,8
878,7,8
878,11,8
878,13,8
878,5,7
879,7,3
879,37,9
879,99,4
879,86,9
879,80,9
879,46,9
879,35,2
879,39,9
879,92,9
879,82,9
879,48,9
879,49,9
879,57,9
880,41,1
880,1,3
880,18,8
880,71,5
880,11,8
880,23,1
880,74,8
880,59,1
880,61,6
880,90,3
880,21,1
880,2,1
880,16,3
880,24,8
881,10,8
881,2,9
881,8,2
881,19,1
881,15,5
881,84,3
881,14,2
881,27,6
881,86,5
881,21,4
881,54,3
881,45,2
881,85,2
881,31,6
882,5,9
882,31,6
882,89,6
882,26,0
882,20,6
882,86,6
882,28,6
882,11,6
882,21,0
882,79,7
882,73,9
882,33,6
882,68,1
882,47,6
882,94,2
883,66,5
883,44,1
883,58,9
883,59,1
883,3,1
883,30,4
883,17,1
883,33,1
883,25,3
883,64,8
883,73,1
883,88,1
883,37,8
884,28,9
884,96,9
884,34,7
884,24,9
884,87,9
884,97,3
884,59,9
884,36,9
884,46,9
884,56,0
884,86,9
884,63,4
884,61,9
885,35,4
885,92,2
885,28,4
885,95,0
885,10,8
885,61,7
885,36,5
885,27,8
885,1,4
885,89,8
885,62,7
885,69,8
885,5,8
885,97,5
885,50,8
886,92,8
886,97,6
886,88,7
886,85,6
886,29,1
886,39,5
886,38,7
886,70,7
886,34,4
886,58,5
886,42,5
886,59,7
886,41,5
886,71,1
886,76,7
887,72,4
887,30,2
887,51,7
887,70,2
887,82,2
887,63,2
887,24,5
887,76,2
887,38,2
887,14,1
887,2,2
887,32,7
887,90,2
888,54,4
888,81,6
888,0,7
888,11,7
888,86,0
888,29,2
888,94,7
888,74,5
888,1,1
888,70,3
888,64,3
888,3,6
888,77,2
888,99,7
889,77,2
889,36,9
889,11,2
889,65,6
889,51,9
889,81,9
889,7,0
889,86,1
889,40,0
889,53,1
889,89,9
889,99,8
889,52,9
889,49,9
890,7,2
890,47,6
890,28,6
890,78,8
890,86,6
890,39,6
890,53,0
890,69,6
890,62,6
890,58,9
890,79,6
890,63,6
890,97,1
890,91,6
891,36,1
891,46,1
891,27,1
891,10,5
891,88,3
891,69,1
891,38,3
891,72,1
891,93,1
891,21,1
891,76,5
891,3,1
891,61,8
891,80,1
891,37,5
892,25,2
892,39,2
892,98,2
892,65,5
892,43,3
892,16,3
892,22,3
892,37,8
892,87,3
892,21,7
892,19,3
892,40,5
892,9,3
892,31,8
893,72,4
893,31,8
893,80,6
893,68,2
893,61,0
893,8,3
893,46,8
893,97,6
893,44,8
893,81,8
893,74,8
893,18,8
893,98,0
894,11,1
894,99,2
894,92,6
894,19,2
894,51,6
894,8,3
894,59,2
894,6,7
894,17,1
894,90,8
894,68,2
894,48,2
894,74,6
895,1,8
895,20,8
895,93,6
895,63,6
895,0,6
895,66,6
895,49,6
895,4,9
895,89,6
895,76,6
895,86,0
895,52,6
895,56,5
895,39,6
896,18,6
896,23,0
896,34,0
896,35,3
896,7,6
896,94,6
896,79,6
896,90,7
896,69,6
896,82,6
896,25,6
896,75,9
896,53,4
896,16,4
896,43,6
897,35,4
897,38,9
897,80,4
897,79,1
897,70,4
897,0,1
897,65,4
897,98,4
897,56,6
897,84,4
897,72,4
897,26,9
898,15,0
898,54,8
898,6,7
898,69,4
898,68,4
898,61,8
898,57,0
898,28,7
898,43,9
898,29,7
898,0,7
898,41,3
898,5,5
898,4,3
899,36,9
899,97,9
899,93,9
899,45,3
899,43,9
899,63,9
899,92,1
899,89,2
899,15,6
899,18,3
899,23,9
899,34,9
899,64,9
900,98,0
900,59,0
900,38,0
900,69,1
900,55,0
900,10,0
900,84,0
900,58,4
900,93,0
900,6,9
900,45,0
900,94,0
900,22,9
900,21,9
901,23,6
901,63,9
901,26,6
901,90,7
901,94,7
901,20,7
901,19,7
901,70,7
901,50,9
901,13,7
901,98,3
901,97,7
901,37,7
901,24,1
901,18,4
902,39,1
902,47,7
902,33,7
902,67,4
902,35,7
902,44,6
902,15,1
902,55,6
902,1,1
902,76,7
902,92,3
902,17,7
902,22,7
902,16,4
903,62,1
903,12,1
903,36,1
903,66,5
903,10,1
903,68,7
903,91,1
903,23,1
903,51,1
903,96,1
903,54,3
903,26,2
903,30,1
903,95,9
903,98,7
904,69,5
904,59,8
904,61,8
904,93,8
904,50,8
904,29,0
904,35,8
904,68,5
904,15,5
904,74,8
904,75,2
904,1,6
904,36,8
904,99,7
904,87,8
905,5,8
905,58,8
905,42,1
905,96,7
905,21,8
905,36,8
905,1,4
905,50,8
905,83,3
905,95,8
905,6,0
905,30,5
905,63,8
905,8,8
906,24,0
906,86,9
906,17,4
906,55,9
906,40,3
906,37,9
906,79,5
906,26,6
906,68,9
906,29,4
906,91,9
906,42,7
906,63,9
906,33,9
906,8,9
907,21,6
907,50,9
907,45,8
907,24,8
907,7,8
907,29,8
907,91,5
907,78,9
907,14,8
907,3,1
907,80,3
907,22,5
907,77,3
907,40,8
908,61,8
908,53,4
908,44,6
908,54,3
908,26,6
908,52,8
908,90,6
908,83,6
908,4,6
908,84,2
908,45,9
908,60,7
908,5,6
908,95,6
908,16,7
909,36,8
909,32,2
909,78,9
909,62,8
909,64,8
909,56,7
909,89,3
909,35,8
909,39,8
909,52,9
909,67,7
909,97,4
909,34,1
909,11,8
910,64,1
910,30,9
910,48,1
910,39,0
910,31,1
910,23,7
910,26,1
910,12,1
910,35,5
910,16,2
910,89,1
910,46,1
910,9,7
911,23,9
911,65,6
911,14,3
911,3,3
911,13,3
911,21,3
911,96,3
911,9,9
911,62,3
911,70,2
911,43,3
911,47,2
911,34,5
912,7,3
912,14,2
912,35,2
912,5,2
912,47,5
912,63,2
912,37,2
912,8,7
912,58,2
912,48,2
912,91,6
912,0,2
913,53,8
913,10,6
913,98,9
913,86,6
913,55,6
913,37,2
913,17,8
913,64,1
913,80,8
913,49,1
913,58,8
913,41,8
913,21,8
913,71,8
913,19,4
914,75,8
914,38,4
914,43,0
914,77,4
914,34,0
914,13,8
914,68,8
914,98,8
914,27,8
914,59,8
914,10,8
914,70,8
914,73,8
914,67,8
914,29,4
915,2,7
915,4,4
915,28,2
915,35,1
915,68,2
915,70,3
915,69,2
915,8,2
915,72,2
915,74,2
915,16,1
915,59,2
915,25,6
915,11,2
915,77,0
916,50,5
916,78,6
916,69,4
916,28,4
916,32,2
916,37,9
916,82,9
916,65,9
916,14,1
916,45,5
916,16,2
916,38,9
916,98,9
916,48,9
917,44,2
917,22,9
917,62,2
917,40,2
917,38,2
917,49,3
917,95,2
917,63,8
917,79,2
917,4,2
917,67,1
917,42,2
917,98,2
917,34,9
917,61,2
918,60,6
918,48,6
918,35,6
918,89,6
918,26,4
918,80,6
918,2,9
918,85,0
918,6,6
918,32,7
918,25,9
918,95,6
918,67,7
918,66,1
919,0,9
919,80,2
919,47,9
919,84,3
919,45,8
919,36,9
919,1,7
919,50,9
919,9,7
919,89,9
919,24,6
919,73,9
919,49,0
919,10,2
920,26,1
920,25,3
920,53,8
920,36,1
920,65,1
920,39,6
920,72,1
920,23,9
920,51,1
920,56,1
920,50,0
920,71,8
920,33,1
920,35,3
920,85,9
921,91,5
921,40,5
921,36,1
921,33,4
921,60,1
921,2,1
921,19,6
921,83,1
921,7,4
921,72,4
921,13,4
921,77,3
921,54,9
922,40,1
922,77,1
922,58,1
922,72,6
922,52,1
922,60,1
922,38,7
922,0,9
922,5,1
922,54,3
922,34,1
922,35,9
922,98,1
922,2,1
922,19,9
923,61,3
923,32,4
923,50,3
923,6,3
923,92,3
923,46,3
923,38,3
923,14,9
923,76,6
923,29,3
923,95,8
923,72,3
924,89,7
924,47,5
924,12,7
924,41,0
924,28,2
924,53,7
924,25,7
924,67,7
924,36,7
924,43,7
924,8,1
924,10,7
924,99,7
924,85,7
924,31,7
925,44,1
925,79,2
925,94,1
925,58,6
925,98,1
925,89,8
925,88,5
925,67,1
925,69,6
925,27,6
925,23,6
925,66,7
925,78,6
925,90,8
926,48,3
926,62,6
926,69,3
926,20,3
926,93,3
926,92,8
926,80,3
926,84,5
926,7,3
926,72,3
926,88,3
926,45,8
926,56,3
927,72,0
927,0,7
927,93,3
927,41,9
927,75,3
927,14,3
927,48,3
927,79,3
927,42,3
927,21,9
927,3,7
927,38,3
927,69,3
927,70,3
927,49,2
928,57,5
928,32,3
928,85,5
928,63,5
928,48,5
928,37,1
928,23,5
928,10,3
928,62,7
928,3,0
928,38,5
928,17,0
928,27,5
928,98,5
929,20,0
929,95,3
929,96,3
929,19,5
929,57,2
929,69,3
929,4,2
929,76,9
929,75,3
929,22,5
929,16,8
929,56,3
929,13,3
929,43,0
929,73,3
930,66,0
930,60,0
930,95,9
930,90,4
930,56,5
930,69,0
930,3,2
930,31,0
930,94,0
930,81,0
930,19,0
930,14,0
930,21,9
930,91,7
930,65,4
931,31,6
931,36,6
931,84,6
931,53,2
931,65,0
931,55,6
931,9,4
931,32,5
931,60,6
931,19,4
931,45,6
931,41,1
931,67,4
932,36,7
932,80,3
932,43,9
932,93,7
932,69,6
932,28,5
932,75,6
932,79,6
932,18,6
932,10,7
932,59,7
932,95,6
932,24,7
932,41,0
932,2,9
933,5,9
933,47,9
933,99,2
933,24,9
933,65,9
933,75,8
933,53,0
933,59,9
933,93,9
933,11,9
933,16,6
933,32,9
933,96,9
933,25,9
933,61,9
934,10,1
934,87,1
934,79,2
934,23,8
934,47,0
934,63,1
934,4,1
934,77,8
934,28,9
934,97,1
934,49,4
934,59,1
934,65,7
934,22,3
934,52,6
935,74,7
935,27,7
935,95,0
935,83,6
935,30,3
935,16,7
935,45,0
935,64,6
935,3,8
935,43,3
935,71,7
935,28,1
935,90,4
935,59,6
936,27,3
936,75,0
936,50,5
936,83,1
936,73,7
936,82,3
936,28,4
936,93,5
936,6,3
936,69,5
936,51,1
936,29,5
936,12,4
937,91,1
937,35,5
937,84,8
937,99,8
937,48,3
937,23,5
937,43,7
937,93,1
937,20,1
937,54,1
937,36,1
937,9,9
937,21,3
937,73,2
937,76,0
938,43,1
938,37,8
938,20,7
938,41,0
938,46,6
938,14,0
938,68,0
938,87,0
938,99,0
938,3,5
938,92,2
938,58,1
938,65,0
938,24,4
938,27,1
939,65,3
939,19,3
939,64,6
939,51,3
939,42,3
939,29,3
939,36,8
939,95,8
939,45,3
939,13,5
939,25,0
939,48,4
939,81,3
939,56,8
939,59,3
940,89,7
940,15,9
940,75,7
940,16,4
940,90,2
940,55,1
940,30,7
940,9,9
940,54,7
940,58,3
940,66,7
940,10,7
940,3,9
940,29,4
941,37,7
941,21,7
941,11,6
941,70,5
941,50,7
941,53,5
941,51,0
941,25,1
941,8,5
941,55,7
941,64,5
941,40,7
941,86,8
941,60,7
942,60,5
942,66,9
942,35,5
942,8,6
942,72,7
942,7,6
942,2,5
942,85,5
942,3,5
942,50,5
942,39,3
942,83,1
942,98,1
942,67,5
942,18,8
943,16,5
943,75,5
943,22,1
943,91,5
943,36,7
943,7,6
943,21,1
943,23,0
943,59,0
943,24,0
943,85,1
943,3,0
943,26,0
944,38,1
944,59,1
944,71,2
944,1,0
944,82,9
944,27,0
944,72,9
944,96,7
944,48,1
944,57,7
944,61,8
944,50,1
944,68,1
944,17,5
945,50,0
945,49,0
945,8,6
945,12,3
945,28,0
945,66,0
945,90,3
945,68,1
945,46,0
945,95,5
945,59,0
945,60,0
945,32,0
945,14,6
945,65,1
946,51,7
946,9,5
946,25,6
946,82,7
946,2,8
946,28,0
946,69,7
946,43,7
946,40,5
946,87,7
946,53,0
946,77,1
946,0,7
946,66,3
946,30,2
947,23,7
947,1,6
947,55,4
947,14,9
947,21,6
947,41,6
947,64,6
947,32,5
947,74,1
947,82,6
947,17,4
947,61,6
947,44,6
947,38,9
947,63,6
948,74,1
948,12,1
948,26,6
948,65,8
948,61,8
948,49,1
948,56,3
948,55,5
948,78,1
948,91,3
948,36,4
948,62,1
948,28,0
948,27,1
948,10,3
949,54,7
949,19,7
949,55,7
949,95,5
949,80,1
949,11,7
949,75,7
949,36,4
949,35,4
949,68,7
949,12,7
949,67,4
950,18,1
950,71,2
950,77,7
950,68,5
950,96,4
950,55,4
950,25,5
950,1,4
950,15,8
950,61,4
950,3,9
950,22,4
950,50,4
950,79,9
950,91,4
951,45,5
951,30,5
951,87,5
951,9,5
951,61,0
951,51,5
951,63,5
951,31,2
951,18,5
951,15,5
951,93,5
951,6,2
951,25,9
951,68,6
952,10,5
952,3,9
952,38,4
952,13,6
952,1,4
952,98,6
952,36,6
952,94,6
952,22,7
952,45,3
952,24,5
952,93,6
952,49,2
953,46,5
953,67,9
953,0,6
953,66,9
953,72,1
953,88,9
953,97,0
953,94,9
953,82,9
953,29,5
953,31,9
953,87,0
954,9,6
954,21,1
954,4,6
954,79,4
954,81,6
954,48,6
954,74,9
954,12,6
954,72,1
954,66,2
954,94,6
954,3,3
954,77,0
954,67,6
954,27,6
955,92,5
955,69,9
955,6,3
955,43,2
955,90,5
955,56,5
955,64,2
955,18,5
955,66,5
955,62,5
955,12,1
955,55,5
955,70,9
956,7,8
956,23,0
956,49,2
956,10,2
956,40,2
956,89,2
956,77,2
956,52,2
956,66,7
956,65,2
956,28,6
956,74,2
956,87,2
956,29,3
957,16,4
957,75,7
957,11,1
957,39,1
957,86,9
957,0,0
957,6,1
957,19,1
957,8,5
957,60,3
957,32,6
957,52,1
957,77,1
957,2,5
957,64,1
958,70,6
958,38,7
958,43,6
958,37,4
958,50,9
958,42,7
958,45,8
958,36,6
958,59,7
958,66,7
958,98,8
958,76,5
958,72,7
958,3,8
959,0,8
959,57,2
959,87,2
959,74,0
959,2,2
959,63,2
959,58,5
959,81,2
959,46,2
959,26,7
959,27,2
959,97,2
959,89,2
959,71,7
960,61,2
960,72,0
960,37,0
960,92,9
960,17,1
960,76,8
960,97,1
960,51,0
960,1,8
960,24,9
960,18,5
960,26,7
960,77,0
960,45,3
961,63,2
961,65,2
961,60,2
961,34,2
961,2,5
961,70,1
961,36,2
961,22,6
961,99,7
961,20,2
961,91,4
961,26,7
961,58,3
961,23,4
961,3,2
962,31,6
962,96,4
962,12,7
962,32,6
962,99,8
962,24,4
962,51,0
962,41,1
962,0,1
962,52,4
962,64,2
962,23,1
962,73,5
962,47,6
962,84,9
963,62,5
963,29,5
963,76,6
963,75,0
963,95,5
963,36,5
963,54,3
963,37,7
963,45,6
963,64,5
963,81,5
963,18,5
963,44,5
963,94,2
964,82,0
964,77,8
964,63,9
964,39,8
964,67,9
964,18,7
964,26,9
964,25,2
964,78,0
964,89,9
964,3,7
964,45,1
964,15,3
964,6,5
964,51,7
965,15,4
965,86,5
965,78,5
965,45,9
965,81,5
965,68,5
965,92,5
965,39,7
965,48,5
965,2,7
965,95,5
965,98,5
965,33,1
965,87,5
965,59,5
966,60,4
966,7,3
966,27,2
966,26,7
966,23,3
966,45,3
966,40,7
966,36,5
966,59,4
966,62,3
966,67,3
966,88,0
966,12,3
966,96,7
967,90,5
967,24,0
967,5,2
967,68,6
967,61,4
967,77,2
967,79,0
967,55,3
967,99,0
967,1,0
967,16,3
967,93,8
967,9,9
967,8,9
968,36,0
968,13,0
968,29,0
968,33,9
968,40,0
968,47,1
968,22,3
968,44,7
968,21,7
968,78,9
968,69,8
968,43,5
968,23,6
969,26,5
969,61,5
969,16,5
969,77,5
969,21,5
969,49,6
969,75,5
969,87,5
969,74,5
969,86,9
969,68,5
969,89,7
969,35,2
969,94,5
970,93,1
970,92,4
970,63,4
970,73,4
970,22,4
970,46,4
970,16,9
970,39,4
970,28,4
970,20,7
970,32,8
970,89,4
970,87,4
970,15,1
970,81,8
971,27,8
971,4,5
971,46,8
971,58,8
971,83,9
971,12,8
971,9,6
971,34,4
971,73,1
971,11,6
971,85,8
971,80,8
972,15,1
972,2,9
972,14,4
972,81,8
972,75,7
972,20,8
972,12,8
972,70,8
972,73,6
972,35,5
972,87,8
972,43,7
972,93,8
972,60,9
972,54,8
973,61,1
973,18,4
973,17,7
973,83,0
973,8,4
973,69,9
973,4,1
973,34,3
973,90,0
973,1,1
973,27,4
973,11,3
973,29,4
974,62,4
974,31,4
974,27,8
974,20,0
974,92,2
974,73,9
974,50,7
974,9,4
974,40,8
974,77,0
974,41,4
974,36,4
974,21,0
974,30,8
975,32,2
975,98,5
975,8,3
975,46,2
975,91,4
975,61,7
975,19,0
975,90,0
975,0,3
975,68,3
975,80,2
975,63,2
975,79,4
975,78,6
975,24,7
976,65,2
976,59,2
976,36,2
976,48,2
976,12,5
976,55,0
976,32,2
976,7,2
976,21,2
976,67,4
976,74,0
976,54,7
976,93,2
977,99,0
977,89,1
977,76,8
977,10,5
977,32,1
977,65,1
977,72,3
977,91,1
977,59,1
977,64,1
977,63,1
977,23,3
977,86,5
977,79,1
977,85,0
978,60,5
978,32,7
978,84,7
978,4,7
978,78,7
978,28,7
978,22,6
978,19,1
978,9,7
978,1,7
978,29,6
978,45,2
979,66,0
979,94,7
979,97,7
979,35,7
979,51,6
979,91,7
979,87,7
979,74,5
979,39,7
979,44,7
979,10,2
979,45,7
979,43,2
979,36,7
980,40,1
980,1,8
980,63,1
980,78,8
980,38,2
980,55,7
980,49,1
980,8,7
980,97,1
980,98,1
980,11,6
980,90,1
980,72,2
980,95,1
981,76,3
981,16,8
981,83,9
981,21,3
981,46,3
981,5,7
981,29,3
981,3,3
981,94,3
981,56,3
981,78,6
981,84,0
981,57,3
981,85,9
981,86,3
982,17,8
982,87,8
982,6,8
982,88,8
982,48,8
982,47,8
982,10,8
982,23,8
982,4,0
982,75,1
982,95,4
982,22,6
982,99,0
982,14,2
982,33,8
983,98,4
983,82,0
983,51,7
983,99,4
983,81,2
983,31,5
983,68,1
983,53,4
983,94,4
983,76,6
983,84,4
983,43,4
983,47,8
983,48,2
984,31,0
984,17,6
984,21,6
984,36,6
984,3,6
984,46,6
984,60,6
984,13,0
984,93,6
984,74,6
984,54,7
984,52,2
984,7,4
984,22,6
984,14,2
985,2,9
985,72,9
985,87,9
985,29,9
985,10,9
985,19,6
985,73,6
985,68,0
985,67,3
985,25,0
985,0,9
985,98,9
985,51,4
986,4,7
986,24,5
986,1,5
986,38,5
986,63,4
986,59,5
986,70,5
986,61,5
986,72,3
986,23,5
986,47,5
986,93,5
986,62,5
986,37,5
987,47,0
987,88,3
987,34,0
987,85,0
987,44,4
987,21,2
987,70,0
987,83,2
987,84,0
987,29,6
987,14,8
987,98,9
987,71,0
987,15,8
988,22,6
988,68,8
988,29,6
988,14,5
988,41,6
988,20,4
988,64,6
988,32,1
988,65,0
988,54,2
988,83,6
988,77,6
988,13,6
988,60,2
989,88,3
989,68,7
989,26,7
989,67,3
989,87,7
989,2,7
989,58,8
989,30,7
989,66,7
989,93,7
989,50,8
989,12,7
989,25,7
989,54,7
989,39,9
990,71,4
990,9,3
990,64,6
990,70,4
990,81,5
990,22,4
990,98,3
990,72,2
990,55,4
990,79,0
990,33,4
990,76,5
990,78,4
990,20,8
991,58,8
991,1,7
991,49,8
991,36,8
991,37,8
991,11,8
991,19,5
991,79,4
991,40,6
991,24,4
991,99,5
991,27,8
991,93,8
991,2,8
992,55,9
992,31,8
992,19,5
992,91,9
992,92,2
992,80,5
992,63,5
992,48,5
992,25,5
992,7,5
992,28,2
992,96,5
992,61,5
992,53,9
992,12,4
993,27,6
993,60,7
993,89,4
993,52,6
993,71,4
993,15,2
993,20,6
993,4,8
993,11,4
993,6,1
993,75,4
993,87,4
993,32,8
993,21,5
994,75,1
994,1,1
994,20,5
994,62,6
994,17,1
994,10,1
994,40,8
994,70,0
994,98,6
994,24,1
994,76,1
994,65,1
994,33,6
995,29,8
995,13,1
995,99,1
995,17,7
995,11,4
995,1,1
995,23,1
995,68,6
995,14,1
995,92,1
995,70,0
995,94,1
995,74,1
995,54,1
995,58,4
996,88,6
996,55,1
996,41,2
996,93,1
996,46,1
996,20,1
996,4,1
996,35,1
996,49,4
996,14,8
996,28,6
996,47,3
996,51,9
996,75,6
997,4,2
997,17,1
997,78,3
997,70,8
997,0,8
997,97,5
997,54,8
997,20,9
997,37,0
997,45,0
997,96,8
997,84,8
997,29,9
997,2,8
998,44,7
998,27,9
998,92,2
998,50,7
998,68,8
998,55,2
998,85,5
998,84,9
998,75,1
998,86,7
998,39,7
998,42,3
998,59,7
999,34,6
999,19,0
999,41,5
999,25,6
999,6,6
999,48,6
999,33,6
999,35,5
999,14,4
999,69,3
999,53,7
999,92,3
999,29,6
