task,worker,answer
0,37,4
0,44,2
0,87,2
0,52,0
0,46,2
0,39,2
0,54,2
0,82,6
0,73,3
0,80,2
0,83,6
0,6,2
0,14,9
0,95,2
0,69,2
1,96,5
1,64,1
1,17,1
1,31,1
1,47,1
1,62,9
1,35,2
1,53,1
1,2,1
1,63,5
1,55,8
1,0,1
1,74,1
1,42,1
1,59,1
2,40,7
2,45,8
2,14,8
2,79,7
2,82,4
2,31,8
2,58,8
2,72,6
2,15,8
2,53,3
2,6,1
2,19,2
2,67,6
3,82,7
3,90,1
3,56,4
3,54,3
3,38,3
3,4,3
3,2,3
3,67,8
3,61,3
3,91,4
3,26,2
3,70,3
3,52,3
3,69,3
4,98,3
4,52,5
4,20,9
4,3,1
4,75,9
4,48,9
4,83,9
4,2,9
4,56,5
4,74,5
4,96,9
4,69,9
4,46,9
4,1,9
4,81,9
5,20,9
5,77,5
5,47,1
5,67,9
5,30,9
5,4,9
5,98,9
5,86,9
5,85,3
5,14,5
5,11,9
5,68,9
5,71,9
5,74,2
5,52,4
6,55,9
6,54,0
6,92,3
6,47,3
6,97,7
6,38,3
6,90,4
6,28,3
6,80,3
6,91,6
6,10,5
6,42,3
6,56,2
6,58,3
7,93,3
7,1,5
7,40,2
7,35,5
7,34,6
7,97,5
7,11,2
7,78,3
7,65,8
7,86,8
7,69,3
7,18,3
7,49,8
7,62,3
8,68,0
8,72,9
8,73,0
8,76,1
8,6,0
8,62,7
8,13,5
8,83,4
8,89,0
8,99,0
8,35,9
8,33,1
9,30,4
9,11,4
9,39,4
9,27,4
9,85,9
9,92,7
9,15,4
9,48,4
9,5,0
9,51,0
9,18,3
9,41,2
10,81,2
10,29,9
10,19,9
10,96,1
10,94,7
10,46,5
10,78,8
10,49,5
10,70,9
10,48,5
10,22,3
10,71,7
10,95,8
10,16,9
11,62,1
11,17,1
11,35,1
11,32,4
11,94,1
11,61,2
11,96,5
11,42,7
11,4,1
11,1,7
11,91,1
11,24,1
11,47,8
11,10,9
11,28,1
12,77,6
12,58,3
12,95,4
12,4,3
12,23,6
12,87,3
12,76,3
12,93,3
12,60,1
12,81,3
12,79,3
12,65,6
12,71,4
12,13,3
12,72,6
13,48,9
13,11,8
13,51,9
13,50,9
13,40,7
13,6,9
13,89,7
13,36,9
13,91,1
13,56,9
13,10,9
13,86,4
13,24,9
14,52,2
14,56,2
14,18,0
14,59,5
14,7,2
14,81,4
14,49,1
14,2,8
14,34,7
14,33,3
14,67,2
14,12,0
14,71,0
14,57,3
14,75,5
15,52,6
15,35,5
15,67,9
15,62,3
15,55,3
15,64,3
15,10,3
15,68,3
15,21,7
15,66,3
15,53,3
15,8,9
15,46,8
16,4,3
16,40,9
16,54,8
16,33,0
16,27,1
16,14,1
16,81,1
16,55,1
16,63,1
16,15,4
16,25,1
16,62,1
16,5,6
16,74,5
17,58,9
17,37,8
17,67,9
17,34,5
17,42,9
17,74,9
17,87,6
17,5,3
17,9,9
17,56,2
17,51,9
17,43,4
17,35,1
17,2,9
17,54,9
18,20,9
18,86,0
18,52,1
18,77,5
18,11,5
18,50,9
18,26,2
18,35,2
18,48,9
18,17,9
18,47,1
18,25,0
18,38,9
18,90,9
18,2,9
19,20,0
19,89,4
19,36,6
19,57,7
19,71,4
19,49,1
19,78,4
19,92,1
19,8,4
19,53,7
19,86,9
19,24,4
19,27,0
19,87,4
20,72,8
20,55,8
20,83,0
20,80,7
20,50,8
20,28,8
20,15,1
20,61,3
20,0,8
20,70,5
20,92,8
20,93,8
20,51,5
21,49,8
21,85,3
21,40,8
21,24,8
21,62,0
21,67,8
21,92,8
21,10,8
21,20,8
21,51,8
21,60,8
21,87,5
21,26,9
21,68,8
21,21,8
22,78,6
22,71,6
22,56,2
22,5,6
22,88,6
22,80,5
22,95,5
22,0,6
22,43,3
22,97,4
22,19,6
22,67,6
22,24,6
22,36,5
23,43,9
23,36,1
23,17,5
23,75,3
23,29,5
23,91,8
23,12,9
23,94,0
23,67,7
23,6,9
23,95,9
23,14,9
23,34,2
24,36,3
24,31,1
24,40,4
24,46,1
24,2,8
24,14,7
24,33,1
24,20,9
24,28,1
24,52,1
24,50,1
24,24,1
24,65,1
24,21,6
25,70,6
25,94,8
25,85,6
25,73,8
25,11,6
25,31,6
25,93,9
25,39,4
25,84,6
25,59,6
25,10,9
25,23,6
25,95,8
25,35,6
26,42,3
26,64,3
26,78,6
26,94,3
26,48,3
26,16,9
26,66,3
26,24,3
26,0,3
26,45,3
26,69,3
26,38,3
26,27,2
26,80,0
26,32,3
27,27,2
27,79,3
27,41,3
27,39,8
27,87,3
27,58,3
27,54,3
27,80,8
27,23,7
27,59,4
27,0,8
27,89,3
27,82,0
27,48,3
28,85,5
28,0,5
28,76,1
28,19,5
28,27,2
28,95,5
28,63,5
28,25,9
28,47,5
28,21,9
28,97,2
28,17,9
28,67,9
29,53,7
29,59,0
29,47,0
29,49,5
29,33,3
29,1,5
29,13,0
29,39,0
29,67,9
29,70,0
29,55,0
29,50,0
29,26,0
29,93,0
30,92,6
30,99,2
30,77,4
30,86,2
30,82,6
30,56,4
30,36,6
30,68,5
30,10,6
30,81,4
30,13,6
30,29,8
30,27,4
30,41,3
30,74,4
31,18,5
31,77,0
31,80,8
31,56,5
31,54,4
31,21,8
31,83,6
31,98,6
31,29,6
31,35,6
31,72,9
31,52,7
31,30,6
31,76,6
31,14,0
32,36,6
32,82,8
32,33,6
32,17,5
32,85,3
32,41,3
32,80,0
32,79,6
32,78,6
32,31,6
32,65,5
32,99,5
32,50,6
32,9,9
32,29,6
33,34,6
33,70,5
33,76,2
33,74,5
33,2,6
33,89,6
33,90,6
33,93,6
33,38,9
33,96,0
33,8,6
33,46,6
33,5,9
33,82,8
34,46,3
34,48,4
34,35,2
34,18,1
34,71,4
34,76,7
34,58,4
34,92,2
34,27,2
34,84,1
34,11,5
34,9,2
34,29,1
35,92,4
35,56,2
35,47,0
35,80,9
35,67,9
35,74,0
35,2,0
35,98,6
35,45,0
35,30,1
35,71,7
35,84,0
35,15,2
35,86,6
35,8,0
36,57,8
36,10,0
36,59,8
36,89,8
36,5,8
36,68,8
36,36,8
36,69,8
36,13,0
36,60,0
36,23,3
36,30,8
36,87,8
36,35,6
37,46,4
37,43,2
37,50,5
37,51,4
37,4,4
37,1,0
37,44,7
37,54,4
37,56,4
37,73,4
37,75,5
37,77,7
37,89,4
37,3,4
38,88,1
38,25,1
38,75,3
38,9,1
38,67,8
38,52,1
38,95,4
38,55,9
38,73,1
38,8,9
38,5,1
38,40,9
38,66,8
38,10,2
39,74,5
39,14,6
39,58,1
39,24,7
39,54,7
39,50,0
39,95,7
39,63,7
39,45,1
39,73,7
39,38,8
39,75,7
39,23,0
39,69,7
39,15,7
40,79,0
40,42,0
40,27,8
40,13,2
40,48,3
40,23,0
40,67,1
40,89,0
40,11,1
40,15,0
40,9,0
40,98,0
40,41,5
40,75,0
41,78,4
41,16,3
41,15,9
41,73,6
41,60,3
41,71,8
41,68,6
41,51,2
41,10,1
41,25,8
41,12,6
41,6,3
41,36,3
42,65,8
42,86,6
42,26,0
42,87,7
42,23,9
42,45,0
42,77,8
42,73,8
42,6,8
42,29,8
42,34,3
42,58,8
42,3,8
42,49,8
43,46,0
43,11,6
43,17,0
43,86,6
43,37,0
43,58,0
43,8,0
43,77,2
43,96,5
43,0,7
43,26,9
43,33,0
43,80,0
44,62,0
44,84,8
44,7,0
44,30,0
44,11,6
44,73,0
44,26,8
44,74,0
44,81,6
44,3,3
44,17,5
44,55,9
44,36,0
45,58,9
45,85,0
45,22,0
45,96,6
45,8,2
45,59,7
45,54,9
45,42,1
45,30,0
45,64,0
45,94,1
45,90,0
45,74,9
45,6,0
46,43,6
46,55,6
46,26,9
46,80,1
46,32,1
46,83,7
46,74,4
46,85,6
46,52,6
46,69,6
46,37,4
46,88,6
46,68,6
46,24,6
47,93,5
47,17,8
47,74,0
47,71,3
47,52,7
47,33,6
47,69,5
47,2,5
47,67,5
47,64,5
47,72,7
47,42,6
47,11,5
47,58,7
47,32,5
48,74,7
48,57,0
48,69,8
48,8,8
48,68,8
48,97,8
48,70,3
48,43,4
48,79,8
48,88,8
48,96,3
48,33,8
48,29,7
48,48,8
48,1,9
49,65,0
49,19,2
49,93,2
49,34,4
49,43,3
49,61,2
49,24,2
49,68,2
49,71,1
49,52,7
49,39,6
49,23,2
49,85,4
50,45,7
50,44,7
50,41,2
50,52,0
50,76,7
50,96,2
50,42,7
50,53,5
50,4,7
50,67,7
50,73,3
50,58,7
51,95,5
51,68,2
51,75,5
51,87,8
51,27,6
51,40,5
51,12,7
51,8,5
51,69,0
51,80,0
51,37,8
51,13,5
51,20,3
51,36,5
52,74,9
52,66,9
52,11,5
52,4,5
52,45,5
52,52,0
52,37,3
52,32,5
52,84,5
52,83,5
52,56,5
52,49,5
52,27,5
52,85,0
53,72,1
53,18,1
53,84,0
53,80,2
53,50,6
53,4,2
53,49,1
53,54,2
53,93,2
53,71,9
53,56,3
53,91,1
53,97,6
53,69,2
53,31,2
54,88,5
54,22,5
54,0,9
54,96,3
54,27,4
54,46,5
54,52,5
54,49,5
54,64,5
54,68,9
54,93,5
54,91,8
54,78,5
55,26,3
55,7,1
55,24,1
55,43,1
55,63,0
55,62,1
55,51,1
55,19,1
55,10,5
55,8,6
55,96,5
55,52,9
55,99,1
55,57,1
55,36,6
56,73,6
56,67,1
56,59,3
56,99,8
56,85,8
56,16,2
56,63,8
56,23,8
56,40,2
56,38,9
56,6,0
56,46,8
56,82,8
56,52,8
56,79,8
57,78,3
57,11,5
57,29,1
57,85,7
57,81,9
57,66,9
57,98,2
57,14,9
57,92,9
57,64,9
57,73,8
57,6,9
58,14,0
58,88,1
58,39,1
58,3,1
58,32,1
58,52,1
58,44,2
58,61,9
58,82,1
58,57,4
58,47,5
58,24,1
58,87,1
58,5,4
58,43,0
59,67,0
59,93,7
59,31,6
59,39,7
59,97,3
59,14,4
59,28,8
59,9,7
59,63,3
59,40,1
59,73,9
59,46,7
59,41,8
60,55,0
60,65,6
60,85,4
60,34,4
60,22,4
60,11,4
60,19,4
60,95,4
60,20,5
60,12,5
60,48,5
60,15,4
60,98,4
61,76,7
61,28,8
61,78,7
61,35,8
61,95,9
61,51,8
61,96,8
61,52,8
61,49,8
61,37,8
61,50,4
61,93,8
61,58,6
62,66,2
62,33,4
62,86,4
62,76,4
62,92,2
62,16,3
62,52,0
62,71,0
62,47,7
62,32,4
62,49,1
62,0,4
63,12,0
63,25,0
63,48,0
63,32,5
63,10,0
63,21,1
63,83,0
63,76,0
63,45,4
63,42,3
63,53,4
63,0,0
63,99,3
64,32,0
64,79,2
64,0,9
64,27,9
64,82,0
64,77,1
64,43,9
64,81,6
64,45,2
64,66,3
64,46,1
64,53,6
64,17,9
64,93,9
65,40,5
65,0,5
65,15,6
65,51,8
65,1,5
65,93,5
65,71,5
65,21,5
65,11,7
65,53,3
65,48,5
65,44,2
66,97,7
66,10,7
66,79,7
66,12,7
66,19,3
66,48,0
66,78,7
66,4,7
66,90,0
66,87,1
66,1,5
66,20,8
66,25,0
66,35,9
66,66,0
67,2,0
67,45,5
67,1,0
67,50,5
67,42,2
67,56,2
67,0,2
67,14,2
67,23,4
67,54,3
67,22,5
67,47,2
67,68,3
67,85,3
68,29,9
68,6,7
68,0,1
68,67,2
68,47,2
68,99,2
68,9,2
68,43,2
68,5,2
68,61,1
68,45,6
68,73,5
68,72,2
68,31,2
68,33,2
69,80,1
69,24,1
69,41,3
69,91,1
69,85,1
69,45,7
69,55,1
69,16,9
69,44,1
69,50,4
69,77,1
69,54,6
69,88,1
70,74,3
70,95,4
70,44,3
70,9,3
70,51,1
70,66,3
70,60,6
70,23,3
70,3,3
70,2,3
70,37,0
70,84,3
70,40,0
70,41,5
70,36,3
71,50,2
71,38,2
71,20,7
71,83,1
71,94,2
71,55,2
71,59,1
71,60,9
71,76,5
71,48,2
71,32,4
71,57,5
71,70,0
72,29,0
72,86,9
72,76,7
72,87,4
72,42,8
72,49,8
72,57,8
72,69,8
72,3,8
72,13,8
72,35,8
72,98,1
73,67,6
73,56,5
73,97,7
73,10,7
73,62,7
73,99,0
73,77,3
73,65,6
73,26,7
73,32,4
73,59,0
73,7,2
73,55,7
73,87,7
73,53,2
74,16,4
74,92,7
74,55,5
74,49,1
74,58,2
74,33,2
74,62,2
74,9,2
74,53,6
74,26,7
74,34,1
74,72,2
74,97,5
74,10,3
75,26,9
75,31,5
75,44,7
75,65,5
75,55,5
75,73,6
75,54,5
75,39,3
75,91,4
75,9,3
75,15,3
75,72,5
75,12,5
76,62,8
76,72,8
76,21,4
76,95,0
76,20,2
76,57,6
76,36,8
76,28,8
76,78,8
76,59,8
76,93,9
76,49,0
76,97,2
76,87,8
77,17,3
77,14,5
77,28,2
77,1,2
77,11,6
77,73,2
77,64,2
77,42,0
77,22,6
77,4,2
77,12,2
77,96,2
77,70,2
77,6,4
77,20,2
78,9,5
78,87,5
78,94,1
78,61,5
78,84,5
78,27,7
78,24,5
78,90,1
78,88,5
78,44,0
78,22,5
78,99,5
78,6,5
78,13,5
78,46,5
79,88,1
79,50,8
79,79,4
79,38,1
79,28,2
79,36,3
79,22,3
79,23,9
79,1,1
79,69,1
79,82,1
79,44,1
79,63,8
79,9,1
79,49,2
80,61,6
80,1,6
80,41,9
80,91,9
80,12,9
80,8,9
80,36,1
80,16,7
80,87,9
80,22,4
80,96,9
80,81,2
80,29,7
80,72,3
80,99,9
81,59,3
81,75,1
81,97,1
81,63,3
81,34,4
81,65,5
81,61,4
81,3,1
81,10,1
81,60,5
81,92,3
81,38,3
81,67,1
81,77,1
81,78,9
82,68,9
82,3,2
82,28,9
82,70,9
82,90,2
82,97,9
82,13,2
82,83,2
82,63,3
82,69,9
82,51,5
82,65,9
82,17,9
82,20,9
83,26,8
83,85,8
83,6,1
83,71,8
83,47,5
83,31,8
83,82,7
83,91,7
83,74,8
83,43,2
83,25,7
83,66,8
83,21,8
84,2,0
84,61,8
84,26,8
84,24,4
84,58,7
84,33,7
84,77,4
84,94,7
84,85,4
84,13,4
84,91,4
84,66,7
84,74,6
84,39,4
85,50,8
85,34,4
85,13,7
85,51,7
85,92,7
85,35,9
85,5,0
85,14,4
85,4,7
85,28,0
85,44,7
85,46,7
85,11,7
85,20,7
86,65,7
86,98,5
86,16,1
86,15,1
86,90,1
86,22,1
86,64,1
86,23,1
86,72,4
86,74,3
86,52,1
86,38,1
86,17,2
86,31,3
87,96,0
87,7,5
87,40,7
87,31,7
87,72,6
87,45,7
87,62,9
87,8,7
87,48,7
87,95,2
87,13,5
87,12,8
88,25,8
88,62,0
88,47,8
88,84,2
88,69,9
88,57,9
88,39,9
88,98,4
88,96,2
88,92,9
88,26,9
88,28,9
88,44,5
88,56,9
89,67,2
89,98,4
89,91,6
89,18,6
89,61,6
89,79,6
89,49,6
89,54,1
89,22,0
89,93,1
89,0,6
89,66,3
89,74,0
89,36,4
89,12,6
90,1,0
90,50,5
90,55,6
90,39,3
90,8,9
90,91,5
90,54,4
90,16,5
90,24,5
90,56,5
90,74,5
90,51,5
90,85,6
90,5,3
90,52,0
91,2,5
91,13,2
91,78,4
91,8,0
91,32,3
91,87,3
91,80,8
91,15,9
91,22,4
91,66,1
91,47,0
91,88,3
91,93,6
91,79,4
92,35,4
92,85,3
92,17,4
92,36,6
92,72,9
92,8,8
92,64,4
92,75,4
92,10,6
92,73,4
92,2,4
92,57,4
93,50,7
93,75,2
93,17,5
93,93,7
93,21,8
93,19,9
93,58,1
93,34,7
93,37,7
93,53,7
93,44,8
93,3,7
93,77,3
93,68,7
94,87,1
94,42,2
94,83,5
94,67,1
94,40,1
94,51,7
94,77,7
94,80,1
94,84,8
94,9,1
94,16,1
94,32,7
94,96,1
94,20,0
95,92,4
95,52,7
95,29,0
95,45,5
95,7,9
95,96,0
95,63,8
95,61,2
95,41,1
95,57,3
95,78,2
95,11,9
95,60,9
95,72,9
95,5,5
96,25,5
96,18,4
96,15,3
96,49,5
96,50,8
96,9,0
96,6,5
96,84,2
96,51,8
96,79,5
96,92,6
96,91,8
96,42,2
96,16,7
96,93,3
97,68,6
97,8,9
97,38,0
97,94,9
97,63,9
97,95,8
97,25,3
97,76,9
97,86,9
97,17,0
97,32,8
97,58,9
97,49,9
98,19,5
98,13,8
98,94,8
98,26,8
98,55,4
98,76,8
98,35,8
98,33,9
98,40,5
98,71,1
98,95,8
98,20,1
98,50,8
98,80,0
99,40,1
99,63,1
99,93,9
99,49,2
99,62,5
99,66,8
99,25,8
99,22,8
99,54,2
99,26,7
99,79,1
99,41,1
99,34,8
99,68,4
99,5,1
100,59,4
100,67,8
100,73,4
100,92,4
100,53,4
100,87,4
100,57,4
100,61,5
100,96,6
100,38,4
100,95,8
100,99,4
100,28,4
100,65,4
100,48,4
101,7,7
101,17,9
101,42,3
101,13,7
101,14,0
101,62,8
101,32,5
101,91,7
101,53,7
101,89,7
101,54,7
101,49,7
101,96,9
101,20,7
102,31,2
102,38,2
102,63,2
102,52,2
102,42,2
102,18,6
102,59,2
102,85,2
102,70,2
102,25,8
102,65,1
102,80,6
102,4,2
103,42,6
103,33,4
103,30,7
103,55,5
103,59,1
103,89,4
103,17,0
103,79,5
103,45,4
103,12,1
103,72,5
103,18,4
103,90,4
103,80,4
104,66,8
104,67,8
104,25,1
104,17,1
104,45,1
104,26,1
104,13,5
104,56,3
104,9,4
104,91,1
104,92,1
104,11,1
104,68,3
105,15,6
105,70,8
105,52,6
105,22,4
105,63,6
105,29,4
105,24,6
105,69,9
105,91,3
105,90,8
105,78,9
105,75,6
105,9,6
105,59,6
105,35,6
106,13,4
106,79,2
106,96,8
106,37,4
106,1,3
106,30,4
106,51,4
106,17,8
106,71,9
106,31,4
106,10,6
106,85,6
106,33,1
106,61,4
107,92,8
107,45,2
107,22,8
107,0,8
107,36,1
107,15,8
107,1,8
107,50,4
107,40,0
107,51,1
107,62,6
107,32,8
107,34,5
107,42,8
107,71,2
108,58,8
108,89,1
108,21,1
108,54,1
108,68,7
108,82,1
108,64,1
108,57,1
108,70,2
108,61,1
108,9,5
108,79,1
108,4,6
108,63,1
109,78,6
109,86,4
109,70,4
109,95,0
109,52,4
109,40,5
109,18,7
109,7,4
109,82,4
109,2,4
109,22,4
109,63,4
109,5,5
110,99,0
110,21,0
110,91,6
110,58,0
110,87,5
110,13,6
110,38,9
110,73,0
110,68,0
110,61,0
110,81,0
110,43,7
111,98,1
111,88,7
111,25,7
111,89,7
111,94,0
111,32,0
111,8,2
111,2,7
111,51,1
111,70,5
111,13,7
111,15,0
111,83,6
111,77,2
112,60,5
112,68,4
112,20,5
112,69,4
112,17,4
112,26,7
112,89,4
112,25,1
112,2,4
112,36,4
112,30,0
112,79,4
112,77,4
113,85,6
113,52,3
113,76,8
113,70,0
113,93,0
113,45,5
113,35,9
113,79,0
113,20,0
113,32,5
113,51,3
113,8,7
113,36,0
113,26,5
114,35,0
114,23,0
114,94,0
114,97,0
114,27,0
114,10,0
114,84,4
114,89,8
114,21,6
114,69,0
114,60,5
114,30,6
114,66,4
114,39,0
114,16,0
115,18,9
115,16,7
115,36,8
115,51,5
115,89,8
115,50,8
115,11,7
115,52,2
115,57,9
115,59,9
115,68,8
115,84,8
116,77,5
116,44,3
116,86,2
116,10,5
116,22,7
116,33,2
116,55,9
116,81,2
116,14,1
116,23,2
116,25,2
116,42,3
116,2,8
116,24,2
116,72,6
117,12,5
117,91,5
117,53,6
117,83,8
117,65,4
117,92,6
117,66,8
117,41,6
117,87,3
117,93,6
117,52,9
117,8,8
117,98,3
117,46,8
118,9,0
118,99,9
118,69,0
118,32,5
118,95,1
118,82,1
118,59,0
118,29,0
118,88,0
118,78,2
118,26,7
118,28,0
118,42,2
118,76,5
119,75,5
119,72,1
119,43,2
119,93,6
119,86,3
119,18,1
119,29,7
119,45,0
119,84,6
119,28,7
119,36,6
119,78,6
119,41,3
119,46,6
120,59,9
120,6,2
120,26,5
120,54,5
120,14,5
120,86,5
120,70,1
120,65,1
120,17,0
120,77,8
120,64,5
120,62,5
121,84,0
121,25,2
121,83,6
121,38,1
121,42,0
121,64,0
121,66,2
121,22,0
121,27,0
121,56,0
121,45,7
121,13,0
121,39,2
121,24,0
121,86,0
122,42,3
122,99,0
122,81,9
122,92,3
122,95,3
122,79,9
122,59,0
122,21,5
122,56,9
122,76,9
122,31,9
122,61,9
122,12,9
122,39,9
123,8,4
123,21,8
123,12,6
123,74,0
123,44,2
123,59,4
123,48,4
123,82,8
123,31,4
123,11,4
123,80,4
123,86,5
123,20,4
123,22,4
123,41,4
124,38,5
124,80,5
124,0,5
124,87,2
124,34,1
124,94,2
124,48,5
124,62,2
124,58,6
124,29,5
124,30,5
124,53,5
124,70,9
124,90,6
124,42,4
125,66,1
125,89,1
125,52,2
125,64,1
125,87,1
125,8,1
125,82,1
125,99,9
125,65,6
125,58,1
125,23,1
125,38,1
125,72,0
125,7,1
126,76,6
126,63,3
126,34,9
126,92,7
126,26,3
126,56,3
126,1,1
126,78,0
126,45,7
126,87,3
126,42,3
126,66,6
126,11,9
126,86,0
127,53,4
127,67,8
127,25,4
127,1,8
127,13,4
127,76,8
127,38,4
127,57,7
127,44,4
127,68,4
127,54,4
127,95,8
127,88,4
127,42,8
128,27,9
128,89,8
128,8,0
128,24,8
128,56,8
128,17,2
128,15,9
128,63,8
128,40,2
128,73,2
128,59,5
128,44,0
128,49,1
128,7,8
129,69,0
129,86,0
129,42,7
129,21,3
129,18,9
129,87,3
129,64,0
129,94,5
129,63,0
129,8,2
129,59,0
129,96,0
130,34,1
130,74,8
130,84,1
130,45,9
130,78,6
130,77,0
130,27,2
130,46,1
130,54,6
130,90,1
130,22,1
130,86,1
130,65,1
130,9,1
131,4,6
131,99,6
131,27,6
131,15,5
131,28,6
131,80,1
131,95,8
131,20,8
131,3,6
131,35,7
131,89,2
131,73,2
131,12,9
131,24,6
132,82,2
132,7,2
132,14,2
132,1,8
132,65,2
132,17,2
132,28,2
132,94,5
132,13,2
132,26,2
132,46,2
132,16,7
132,49,6
132,10,9
133,5,7
133,78,5
133,99,7
133,84,7
133,14,7
133,52,7
133,43,7
133,48,7
133,79,3
133,24,7
133,56,7
133,32,9
134,44,4
134,98,3
134,46,3
134,66,3
134,88,3
134,24,3
134,2,3
134,41,4
134,20,5
134,12,3
134,79,3
134,99,5
134,49,7
134,82,3
135,50,2
135,97,9
135,96,8
135,2,2
135,20,9
135,83,9
135,18,9
135,16,2
135,65,4
135,45,9
135,59,9
135,29,1
135,32,9
136,80,2
136,0,5
136,32,3
136,40,9
136,57,0
136,42,5
136,8,0
136,18,1
136,48,5
136,2,5
136,76,4
136,11,3
136,12,5
136,81,1
137,79,8
137,65,8
137,88,7
137,70,1
137,80,5
137,20,3
137,54,5
137,19,9
137,52,8
137,78,8
137,76,8
137,15,9
137,32,8
138,97,3
138,19,1
138,48,4
138,66,6
138,43,1
138,25,4
138,81,4
138,50,4
138,79,2
138,12,8
138,93,4
138,68,3
138,11,4
138,57,0
138,80,4
139,89,6
139,4,6
139,58,5
139,6,7
139,55,6
139,62,8
139,74,6
139,92,3
139,34,6
139,24,0
139,23,4
139,18,0
139,30,6
139,59,6
140,10,0
140,56,0
140,26,0
140,69,0
140,47,0
140,79,6
140,53,0
140,97,1
140,85,2
140,5,6
140,67,0
140,87,1
140,44,3
140,51,0
140,16,3
141,75,0
141,10,0
141,38,0
141,29,0
141,66,0
141,80,0
141,89,0
141,55,0
141,95,4
141,26,8
141,64,9
141,99,0
141,58,6
141,42,4
142,99,0
142,19,5
142,18,2
142,33,8
142,7,4
142,73,4
142,83,4
142,55,0
142,15,8
142,27,4
142,31,4
142,48,0
142,70,4
142,43,9
142,26,4
143,58,4
143,45,9
143,6,9
143,9,9
143,34,3
143,73,1
143,69,9
143,24,9
143,78,9
143,87,3
143,74,5
143,22,9
143,15,9
143,1,5
144,64,6
144,44,5
144,91,6
144,72,3
144,31,6
144,74,5
144,28,9
144,10,0
144,12,6
144,45,1
144,14,2
144,52,6
144,90,9
144,56,7
144,47,6
145,6,8
145,33,0
145,27,8
145,69,8
145,63,3
145,56,1
145,75,8
145,83,8
145,20,8
145,61,8
145,81,5
145,51,8
145,42,1
145,54,8
146,65,8
146,11,6
146,46,8
146,14,2
146,20,6
146,25,7
146,27,6
146,91,6
146,24,6
146,99,9
146,47,8
146,96,9
146,83,4
146,60,6
146,1,9
147,93,6
147,94,6
147,51,4
147,84,6
147,45,6
147,2,1
147,28,6
147,66,6
147,37,3
147,25,6
147,92,8
147,50,7
147,17,6
148,86,4
148,59,7
148,42,4
148,30,2
148,35,1
148,92,7
148,1,7
148,89,4
148,88,4
148,41,4
148,79,4
148,5,2
148,61,9
148,77,6
149,22,3
149,77,3
149,8,3
149,93,7
149,14,1
149,86,8
149,88,3
149,7,3
149,30,3
149,62,5
149,32,7
149,9,0
149,64,3
149,27,3
150,78,6
150,77,3
150,27,0
150,20,0
150,43,2
150,39,7
150,66,0
150,61,9
150,2,0
150,62,0
150,42,0
150,63,4
150,47,5
150,50,2
150,94,9
151,21,9
151,59,9
151,49,2
151,87,2
151,40,3
151,52,8
151,68,9
151,86,8
151,3,8
151,35,4
151,12,8
151,29,3
151,32,8
151,33,8
151,53,8
152,80,3
152,63,2
152,34,3
152,10,3
152,99,5
152,17,2
152,41,3
152,2,8
152,38,5
152,91,3
152,87,3
152,5,2
152,88,3
152,55,3
152,94,3
153,11,5
153,87,5
153,0,5
153,37,3
153,35,5
153,93,5
153,13,5
153,68,5
153,44,8
153,69,2
153,9,5
153,3,7
153,92,5
153,78,0
154,96,4
154,50,1
154,20,4
154,90,0
154,45,7
154,88,4
154,93,4
154,83,1
154,66,4
154,1,4
154,15,4
154,53,4
154,2,4
155,57,9
155,34,9
155,25,9
155,92,9
155,95,4
155,35,6
155,64,9
155,0,9
155,60,9
155,62,7
155,11,3
155,9,6
155,80,9
155,93,9
156,0,7
156,86,6
156,42,7
156,39,4
156,12,1
156,20,0
156,3,6
156,31,7
156,2,0
156,29,8
156,78,7
156,57,4
156,51,9
156,66,7
156,9,7
157,93,9
157,48,8
157,77,8
157,72,5
157,76,8
157,23,8
157,6,8
157,2,4
157,35,7
157,41,8
157,71,2
157,85,5
157,9,8
157,84,8
158,45,1
158,0,2
158,91,5
158,30,8
158,44,1
158,69,1
158,20,2
158,56,2
158,79,3
158,26,2
158,8,2
158,19,8
158,41,1
158,68,7
159,86,4
159,17,1
159,19,3
159,12,0
159,2,5
159,66,5
159,65,5
159,8,4
159,74,6
159,34,5
159,49,5
159,51,3
159,98,7
160,94,7
160,90,2
160,60,7
160,24,2
160,0,2
160,23,2
160,67,2
160,2,2
160,25,1
160,71,8
160,29,5
160,5,6
160,58,4
161,41,9
161,25,2
161,72,5
161,92,0
161,6,9
161,66,7
161,54,2
161,59,3
161,73,9
161,60,5
161,82,4
161,35,4
161,79,1
161,27,9
161,5,0
162,6,7
162,1,1
162,47,9
162,38,9
162,83,5
162,63,9
162,91,1
162,56,1
162,88,1
162,50,1
162,52,1
162,5,5
162,90,6
162,19,5
163,23,8
163,77,6
163,53,6
163,71,8
163,65,5
163,39,9
163,9,8
163,35,0
163,91,8
163,48,7
163,40,3
163,63,8
163,70,4
163,45,3
163,64,8
164,27,8
164,31,5
164,39,0
164,97,0
164,83,5
164,53,4
164,62,8
164,15,5
164,88,5
164,98,7
164,56,5
164,28,5
165,11,4
165,29,5
165,91,5
165,84,5
165,15,5
165,21,5
165,80,5
165,48,7
165,7,5
165,12,3
165,14,5
165,87,3
165,50,5
165,72,1
165,5,4
166,47,8
166,52,7
166,14,4
166,95,8
166,51,2
166,2,8
166,35,5
166,4,2
166,71,9
166,66,4
166,91,7
166,67,2
166,96,3
166,92,9
166,33,3
167,98,0
167,48,0
167,41,0
167,93,0
167,81,0
167,88,0
167,79,0
167,54,0
167,67,3
167,7,0
167,96,8
167,56,3
167,45,0
167,11,0
168,33,1
168,68,9
168,59,0
168,42,0
168,44,9
168,37,8
168,65,9
168,45,1
168,48,9
168,46,5
168,23,7
168,96,8
168,32,9
169,29,7
169,18,4
169,15,8
169,90,5
169,49,5
169,6,5
169,82,5
169,35,1
169,77,5
169,26,7
169,28,3
169,10,2
169,13,1
169,38,8
169,23,4
170,52,9
170,32,8
170,84,8
170,20,8
170,37,6
170,9,8
170,70,2
170,65,9
170,76,8
170,47,8
170,45,3
170,71,3
170,68,0
170,14,1
170,51,8
171,46,4
171,12,3
171,3,5
171,25,5
171,67,6
171,30,5
171,53,5
171,34,8
171,7,5
171,62,5
171,9,8
171,49,9
171,86,5
171,45,3
171,47,5
172,78,8
172,81,6
172,92,9
172,37,6
172,45,1
172,31,6
172,66,3
172,16,6
172,10,6
172,22,0
172,59,6
172,36,6
172,70,6
172,98,6
172,38,4
173,86,7
173,68,8
173,55,2
173,57,9
173,36,5
173,20,0
173,83,5
173,63,3
173,23,6
173,89,5
173,58,5
173,37,0
173,73,5
174,31,2
174,50,4
174,30,4
174,2,2
174,85,2
174,75,2
174,96,2
174,74,7
174,88,2
174,25,4
174,47,2
174,32,2
174,77,2
175,2,5
175,14,9
175,89,5
175,61,5
175,67,5
175,83,4
175,41,2
175,31,5
175,44,1
175,36,2
175,34,5
175,58,5
175,72,5
176,29,6
176,39,6
176,80,1
176,93,6
176,32,2
176,51,4
176,53,1
176,99,6
176,5,5
176,49,6
176,70,6
176,82,9
176,30,6
176,69,6
176,31,6
177,6,8
177,50,4
177,92,4
177,45,6
177,85,9
177,49,6
177,15,9
177,62,4
177,68,2
177,57,0
177,26,9
177,84,6
177,4,4
178,97,0
178,43,9
178,14,4
178,19,3
178,12,4
178,26,9
178,22,5
178,47,8
178,83,1
178,64,8
178,99,8
178,46,8
178,21,4
178,79,5
179,51,0
179,29,0
179,56,1
179,37,0
179,82,0
179,68,9
179,62,1
179,1,0
179,13,0
179,77,2
179,32,3
179,65,0
179,21,7
180,31,0
180,15,8
180,28,0
180,0,0
180,55,8
180,42,0
180,93,0
180,38,5
180,64,0
180,97,5
180,16,0
180,63,0
180,41,0
180,43,0
180,61,9
181,10,3
181,43,3
181,35,3
181,92,3
181,90,3
181,78,7
181,24,3
181,95,6
181,46,3
181,64,3
181,55,3
181,14,2
181,44,3
181,98,8
181,27,3
182,35,4
182,7,2
182,62,4
182,57,9
182,61,0
182,5,7
182,69,4
182,12,7
182,96,2
182,38,4
182,23,4
182,10,4
182,46,4
182,31,8
183,67,2
183,2,1
183,30,1
183,86,1
183,71,1
183,12,8
183,53,1
183,38,6
183,44,2
183,72,8
183,28,1
183,48,7
183,56,1
183,8,2
183,78,1
184,46,7
184,85,7
184,5,7
184,26,7
184,55,1
184,14,1
184,15,8
184,10,7
184,88,7
184,98,2
184,90,7
184,56,7
184,51,7
184,52,9
185,65,3
185,71,3
185,59,0
185,76,4
185,61,4
185,6,2
185,16,4
185,98,4
185,60,3
185,10,3
185,26,3
185,14,3
185,90,9
185,97,3
186,20,0
186,94,0
186,3,0
186,60,9
186,17,0
186,42,0
186,31,0
186,9,5
186,14,5
186,72,8
186,13,5
186,19,0
186,82,7
187,66,0
187,9,9
187,75,4
187,39,9
187,0,9
187,27,1
187,90,5
187,47,9
187,50,1
187,34,8
187,46,5
187,17,9
187,78,0
187,8,2
187,31,9
188,68,8
188,34,8
188,7,8
188,69,0
188,77,8
188,94,1
188,11,0
188,59,0
188,85,8
188,80,6
188,28,8
188,9,8
188,81,1
188,36,8
189,48,4
189,96,4
189,68,4
189,85,3
189,53,4
189,23,0
189,75,4
189,82,3
189,89,4
189,76,8
189,28,7
189,72,4
189,60,0
189,84,9
190,53,5
190,1,0
190,57,9
190,18,5
190,14,6
190,41,2
190,7,5
190,70,0
190,38,5
190,15,9
190,43,4
190,49,5
190,76,2
191,4,2
191,52,5
191,53,5
191,16,2
191,22,2
191,30,4
191,55,2
191,47,0
191,84,6
191,63,2
191,3,5
191,81,2
191,45,2
191,49,8
191,61,2
192,12,6
192,9,2
192,73,3
192,29,3
192,52,7
192,79,9
192,80,2
192,41,3
192,46,3
192,21,5
192,69,3
192,4,8
192,65,9
192,42,5
192,60,7
193,45,9
193,90,4
193,77,0
193,24,4
193,87,9
193,22,6
193,80,9
193,89,4
193,0,3
193,50,4
193,68,4
193,96,0
193,42,2
193,76,1
193,8,4
194,38,1
194,69,1
194,51,0
194,73,1
194,14,4
194,92,1
194,18,1
194,8,9
194,81,1
194,63,1
194,46,1
194,0,1
194,3,1
194,17,1
195,22,9
195,86,1
195,32,9
195,6,9
195,10,6
195,73,9
195,65,8
195,26,9
195,78,6
195,77,3
195,76,6
195,48,9
195,90,3
196,69,6
196,43,5
196,58,3
196,74,6
196,80,4
196,49,6
196,89,6
196,93,6
196,18,6
196,36,6
196,20,9
196,7,6
196,59,6
196,86,6
197,55,6
197,5,6
197,93,6
197,85,8
197,19,4
197,15,6
197,8,5
197,53,6
197,84,4
197,95,7
197,7,6
197,27,3
197,31,6
197,25,6
198,43,8
198,84,4
198,55,6
198,65,8
198,12,8
198,91,1
198,83,0
198,69,8
198,16,8
198,68,8
198,20,8
198,18,2
199,76,9
199,67,6
199,4,9
199,81,9
199,19,9
199,32,9
199,16,9
199,6,9
199,84,8
199,65,9
199,13,9
200,6,2
200,54,0
200,35,9
200,94,3
200,83,9
200,98,0
200,85,2
200,20,0
200,40,3
200,97,7
200,25,7
200,22,2
200,0,3
200,71,7
200,41,1
201,47,6
201,46,6
201,97,6
201,13,8
201,90,6
201,9,6
201,42,5
201,84,6
201,12,6
201,33,2
201,22,6
201,60,7
201,14,6
201,92,3
201,54,6
202,33,3
202,91,1
202,93,7
202,3,6
202,85,4
202,0,7
202,26,7
202,1,5
202,76,7
202,36,8
202,92,5
202,38,7
202,98,7
202,52,2
202,60,4
203,89,8
203,27,8
203,49,8
203,15,8
203,77,5
203,94,6
203,58,8
203,48,8
203,79,4
203,81,6
203,31,8
203,56,8
203,83,0
203,76,8
204,54,2
204,29,2
204,78,9
204,58,2
204,96,2
204,49,2
204,48,2
204,28,2
204,92,3
204,40,5
204,89,2
204,37,2
204,90,1
204,41,0
205,14,4
205,95,7
205,87,7
205,79,7
205,57,7
205,93,7
205,9,1
205,19,7
205,56,7
205,82,1
205,26,7
205,38,7
205,21,9
205,39,7
206,33,9
206,23,0
206,65,9
206,99,9
206,79,8
206,18,0
206,97,9
206,94,9
206,68,9
206,1,9
206,96,9
206,62,9
206,32,6
206,49,9
206,78,4
207,54,8
207,13,1
207,62,6
207,57,1
207,31,1
207,42,1
207,40,1
207,55,1
207,67,1
207,3,1
207,78,0
207,77,2
207,26,8
207,99,1
208,41,2
208,4,6
208,2,0
208,45,9
208,87,4
208,50,9
208,86,2
208,89,2
208,36,4
208,66,6
208,60,2
208,65,2
208,99,2
208,64,7
208,44,2
209,1,8
209,6,0
209,89,8
209,18,7
209,15,4
209,56,8
209,54,8
209,8,5
209,25,8
209,70,5
209,72,5
209,19,8
209,83,0
210,95,9
210,44,9
210,19,3
210,96,0
210,2,8
210,74,0
210,7,9
210,24,9
210,99,6
210,26,4
210,68,4
210,93,6
210,50,1
210,76,4
211,39,2
211,71,5
211,68,9
211,0,2
211,3,3
211,59,6
211,48,2
211,94,0
211,78,2
211,88,2
211,99,5
211,44,2
211,29,4
212,93,3
212,92,2
212,53,3
212,42,3
212,27,9
212,41,3
212,75,5
212,97,1
212,60,6
212,14,5
212,39,4
212,50,3
212,51,4
212,2,3
212,17,3
213,74,9
213,1,4
213,35,3
213,65,7
213,13,5
213,64,9
213,84,9
213,60,4
213,30,5
213,36,1
213,7,9
213,94,9
213,56,2
214,89,4
214,78,9
214,96,4
214,32,4
214,26,4
214,33,4
214,39,4
214,79,7
214,3,4
214,58,8
214,1,4
214,12,4
214,64,4
214,65,2
214,90,3
215,81,5
215,62,0
215,30,0
215,11,0
215,40,0
215,69,9
215,65,0
215,94,6
215,99,0
215,67,0
215,90,0
215,48,0
215,87,6
215,7,0
216,67,6
216,44,0
216,50,0
216,61,0
216,93,0
216,32,9
216,41,5
216,95,6
216,75,4
216,43,7
216,27,9
216,14,0
217,18,8
217,31,8
217,61,5
217,22,8
217,29,2
217,2,8
217,49,8
217,24,8
217,35,6
217,6,4
217,81,9
217,46,8
217,89,4
218,20,2
218,79,3
218,54,8
218,45,0
218,39,9
218,86,9
218,26,9
218,99,4
218,68,9
218,62,9
218,93,9
218,19,1
218,1,9
218,3,7
219,18,3
219,23,3
219,6,7
219,70,6
219,15,3
219,28,3
219,8,3
219,71,4
219,5,0
219,97,0
219,39,6
219,19,1
219,26,1
219,21,3
219,69,3
220,88,2
220,74,2
220,43,6
220,8,3
220,76,2
220,3,6
220,92,2
220,62,9
220,38,3
220,7,2
220,32,4
220,45,9
221,2,3
221,54,3
221,64,3
221,29,0
221,97,3
221,91,9
221,86,3
221,83,3
221,78,6
221,77,3
221,9,7
221,24,3
221,18,2
221,34,0
222,37,7
222,72,7
222,93,7
222,44,7
222,97,4
222,75,7
222,9,7
222,27,2
222,46,7
222,90,4
222,53,7
222,78,7
223,4,1
223,13,1
223,69,9
223,56,9
223,10,0
223,71,1
223,27,1
223,37,1
223,85,1
223,87,7
223,52,1
223,99,1
223,51,1
223,48,1
223,42,1
224,96,4
224,88,3
224,41,3
224,57,7
224,47,4
224,93,3
224,17,2
224,35,1
224,10,1
224,16,3
224,12,7
224,69,3
224,38,3
224,72,6
224,56,9
225,48,0
225,73,7
225,93,0
225,0,0
225,70,3
225,80,7
225,86,9
225,19,0
225,14,0
225,8,0
225,53,0
225,44,6
226,4,2
226,95,0
226,45,3
226,9,1
226,37,9
226,92,8
226,91,8
226,26,2
226,38,2
226,85,2
226,69,2
226,64,2
226,44,1
226,30,2
227,50,1
227,61,4
227,52,1
227,3,4
227,13,6
227,63,7
227,87,9
227,26,4
227,14,1
227,65,4
227,48,3
227,79,7
227,83,3
227,47,3
227,40,1
228,40,9
228,80,9
228,93,1
228,68,2
228,18,1
228,8,3
228,71,1
228,82,1
228,22,8
228,53,1
228,0,1
228,31,1
228,21,0
229,0,2
229,30,3
229,37,0
229,92,2
229,88,2
229,81,9
229,31,2
229,69,6
229,8,1
229,19,8
229,54,4
229,41,6
229,64,2
229,33,2
230,19,7
230,7,7
230,58,8
230,40,4
230,52,4
230,91,7
230,89,7
230,30,2
230,86,4
230,61,8
230,15,5
230,62,7
230,56,8
231,11,9
231,47,1
231,81,9
231,2,1
231,26,1
231,50,7
231,10,1
231,85,6
231,49,6
231,5,1
231,29,9
231,28,1
231,6,7
232,21,0
232,3,2
232,81,0
232,82,0
232,6,0
232,95,3
232,52,0
232,33,2
232,72,0
232,84,8
232,25,0
232,60,0
232,13,0
232,56,3
233,27,6
233,37,4
233,62,0
233,14,6
233,82,1
233,86,0
233,25,2
233,2,5
233,75,4
233,23,4
233,67,4
233,31,4
233,74,4
233,98,4
234,22,9
234,53,6
234,1,7
234,89,9
234,71,9
234,50,9
234,87,9
234,17,9
234,54,6
234,55,9
234,77,1
234,76,8
234,0,9
235,15,3
235,45,7
235,54,3
235,86,0
235,65,4
235,10,7
235,11,4
235,19,3
235,60,0
235,84,4
235,7,4
235,80,3
235,4,1
235,8,4
235,24,4
236,8,4
236,2,0
236,70,8
236,4,3
236,3,3
236,18,3
236,38,3
236,12,2
236,49,3
236,82,6
236,76,9
236,91,3
236,89,3
236,42,7
236,53,3
237,92,3
237,87,6
237,41,9
237,97,4
237,57,4
237,17,7
237,43,4
237,88,4
237,72,4
237,16,4
237,96,1
237,6,6
237,59,6
237,28,4
238,72,7
238,76,2
238,22,8
238,62,0
238,10,8
238,31,8
238,80,5
238,8,9
238,39,8
238,56,5
238,61,8
238,55,5
238,11,0
238,17,8
238,85,2
239,3,1
239,24,3
239,71,5
239,14,5
239,76,1
239,7,1
239,98,3
239,29,2
239,66,4
239,99,3
239,49,1
239,62,1
239,42,1
239,47,5
240,73,6
240,80,7
240,62,6
240,53,7
240,84,4
240,16,6
240,22,4
240,20,5
240,94,6
240,6,3
240,34,8
240,99,6
241,98,8
241,19,2
241,62,7
241,12,1
241,72,2
241,70,1
241,84,2
241,1,2
241,27,3
241,91,3
241,83,3
241,60,2
241,54,6
241,17,2
241,81,8
242,42,5
242,1,5
242,39,5
242,60,6
242,64,8
242,77,8
242,19,5
242,9,5
242,83,4
242,25,7
242,24,5
242,97,3
242,10,4
242,0,8
242,50,3
243,10,2
243,84,6
243,93,6
243,85,6
243,64,9
243,52,1
243,53,7
243,30,6
243,97,6
243,58,4
243,48,6
243,12,6
243,33,6
243,49,6
244,36,5
244,84,5
244,98,5
244,50,9
244,65,5
244,81,5
244,87,0
244,10,3
244,14,3
244,83,5
244,86,5
244,9,2
244,66,4
244,11,5
244,17,5
245,91,3
245,79,6
245,99,9
245,72,0
245,14,1
245,35,8
245,58,1
245,66,6
245,55,0
245,75,8
245,29,8
245,34,0
245,83,6
246,60,9
246,54,9
246,44,0
246,19,6
246,8,9
246,31,9
246,86,3
246,37,9
246,66,9
246,57,4
246,3,7
246,55,7
246,95,9
247,79,5
247,40,4
247,42,6
247,25,1
247,66,6
247,1,6
247,28,6
247,55,2
247,37,9
247,82,1
247,96,7
247,72,6
247,0,8
248,70,5
248,35,2
248,65,3
248,30,0
248,63,3
248,84,3
248,27,3
248,53,3
248,73,7
248,16,7
248,34,3
248,86,1
248,22,3
248,40,6
249,92,8
249,54,4
249,43,3
249,14,9
249,40,8
249,8,8
249,7,8
249,2,8
249,55,8
249,42,1
249,41,8
249,16,8
249,97,8
250,94,4
250,97,5
250,64,5
250,66,7
250,11,5
250,42,2
250,43,5
250,33,9
250,20,3
250,10,2
250,14,5
250,47,5
250,71,2
250,38,6
250,86,5
251,28,1
251,49,0
251,8,1
251,69,1
251,34,1
251,85,0
251,45,0
251,16,5
251,41,1
251,27,8
251,19,8
251,26,1
251,72,0
251,70,5
251,76,4
252,80,1
252,77,0
252,12,5
252,31,0
252,24,0
252,5,9
252,86,0
252,37,3
252,91,1
252,9,0
252,73,0
252,67,2
252,57,7
252,68,0
253,1,3
253,6,3
253,79,4
253,44,9
253,25,9
253,87,9
253,45,2
253,42,9
253,78,9
253,47,6
253,43,6
253,18,6
253,20,2
253,27,9
253,59,6
254,53,2
254,14,1
254,41,2
254,19,7
254,51,3
254,68,6
254,42,2
254,21,1
254,99,3
254,33,2
254,32,1
254,22,1
254,27,7
254,56,6
254,57,5
255,10,9
255,39,8
255,66,1
255,4,8
255,96,8
255,79,8
255,71,8
255,43,8
255,70,8
255,57,9
255,25,4
255,5,2
255,92,0
255,49,4
256,51,2
256,2,0
256,10,3
256,75,0
256,25,0
256,76,0
256,55,3
256,11,6
256,68,0
256,37,0
256,52,9
256,63,0
256,78,2
256,79,0
257,63,3
257,62,8
257,60,9
257,67,2
257,45,8
257,23,2
257,21,8
257,79,8
257,80,5
257,58,8
257,8,8
257,69,8
257,66,8
257,77,2
257,4,8
258,96,3
258,13,9
258,3,1
258,76,3
258,32,4
258,85,7
258,79,7
258,93,3
258,25,9
258,21,3
258,40,3
258,34,2
258,22,3
259,72,6
259,42,3
259,15,6
259,13,4
259,98,6
259,31,4
259,39,4
259,43,4
259,94,0
259,0,4
259,38,4
259,25,4
259,3,4
259,63,0
259,16,8
260,65,7
260,1,2
260,69,2
260,76,2
260,37,2
260,39,2
260,18,2
260,40,2
260,75,3
260,44,2
260,28,2
260,92,2
260,21,8
261,83,5
261,98,6
261,92,7
261,51,3
261,75,7
261,44,7
261,35,7
261,90,7
261,18,3
261,89,7
261,54,5
261,13,7
261,96,3
261,17,8
261,40,7
262,55,1
262,60,9
262,37,8
262,63,9
262,72,4
262,48,9
262,82,8
262,84,9
262,97,0
262,58,0
262,69,9
262,85,2
262,98,9
263,46,0
263,79,0
263,4,9
263,18,0
263,14,7
263,89,0
263,88,0
263,19,0
263,44,7
263,31,7
263,94,8
263,13,8
263,66,0
264,4,9
264,17,1
264,91,1
264,68,1
264,90,8
264,11,3
264,44,4
264,40,1
264,39,1
264,51,3
264,34,1
264,65,9
264,83,3
265,50,4
265,53,6
265,26,8
265,40,1
265,21,2
265,7,1
265,44,1
265,87,1
265,15,6
265,96,1
265,76,1
265,74,5
265,52,1
265,59,1
265,55,9
266,74,4
266,58,0
266,65,2
266,87,5
266,42,6
266,44,5
266,47,1
266,6,5
266,60,5
266,91,0
266,56,7
266,61,3
266,30,2
266,35,7
267,19,3
267,32,7
267,50,6
267,45,2
267,36,3
267,95,6
267,3,4
267,65,8
267,2,2
267,20,7
267,49,2
268,63,2
268,42,2
268,1,8
268,58,3
268,88,2
268,26,2
268,6,2
268,11,2
268,29,1
268,31,2
268,12,5
268,61,3
268,33,1
269,32,6
269,54,4
269,38,0
269,19,6
269,77,8
269,15,0
269,84,2
269,95,8
269,55,9
269,82,0
269,49,5
269,58,0
269,13,1
269,57,6
270,30,5
270,97,2
270,27,2
270,10,7
270,99,7
270,47,0
270,32,9
270,41,2
270,6,1
270,36,2
270,77,2
270,7,2
271,91,3
271,67,2
271,15,6
271,40,5
271,73,7
271,39,8
271,46,1
271,10,1
271,45,7
271,51,6
271,48,7
271,5,5
271,21,3
271,17,3
271,36,4
272,81,4
272,63,3
272,23,4
272,51,4
272,9,3
272,99,1
272,54,4
272,7,4
272,48,4
272,58,9
272,60,4
272,2,4
272,71,4
272,76,4
272,44,4
273,79,7
273,7,7
273,35,7
273,46,0
273,12,7
273,48,7
273,80,7
273,31,7
273,8,4
273,98,5
273,4,7
273,21,7
273,77,7
273,60,7
273,28,6
274,65,4
274,38,4
274,90,4
274,70,3
274,56,0
274,22,4
274,88,4
274,37,4
274,67,4
274,8,6
274,42,0
274,95,8
274,46,6
274,77,4
274,48,9
275,51,8
275,82,8
275,94,4
275,22,7
275,3,9
275,47,9
275,44,9
275,99,9
275,66,3
275,61,9
275,1,9
275,14,5
275,36,9
275,28,9
275,30,2
276,1,4
276,67,4
276,77,2
276,20,4
276,33,9
276,26,8
276,24,4
276,78,2
276,12,4
276,0,4
276,97,4
276,34,4
276,72,2
276,70,7
276,91,8
277,21,4
277,78,5
277,69,7
277,7,7
277,54,7
277,96,0
277,43,7
277,42,3
277,82,6
277,33,9
277,8,6
277,34,7
277,47,8
278,12,0
278,61,1
278,80,4
278,1,1
278,43,8
278,95,5
278,75,8
278,46,1
278,11,4
278,13,5
278,87,1
278,77,0
278,16,1
278,73,1
279,93,3
279,70,4
279,11,5
279,80,5
279,29,6
279,81,8
279,22,0
279,77,5
279,27,5
279,4,4
279,99,6
279,64,5
279,16,4
279,96,5
280,81,9
280,65,4
280,37,6
280,24,9
280,4,9
280,97,0
280,66,9
280,90,9
280,26,9
280,40,1
280,86,9
280,43,4
280,74,3
281,43,6
281,23,6
281,91,3
281,90,0
281,33,6
281,81,9
281,12,6
281,72,6
281,50,7
281,77,5
281,6,6
281,1,1
281,70,6
282,50,8
282,25,6
282,20,5
282,38,5
282,98,7
282,97,9
282,5,8
282,6,7
282,85,2
282,54,8
282,33,8
282,59,8
282,27,8
282,64,8
282,92,2
283,88,7
283,28,7
283,85,0
283,46,6
283,78,8
283,82,3
283,1,7
283,92,2
283,38,7
283,20,0
283,31,7
283,64,7
283,21,3
283,53,8
283,7,7
284,56,5
284,93,8
284,75,4
284,12,8
284,54,8
284,42,8
284,15,7
284,1,7
284,21,0
284,40,1
284,26,5
284,48,8
284,79,2
284,98,6
285,46,3
285,33,4
285,38,3
285,55,0
285,34,3
285,30,5
285,98,3
285,6,9
285,74,6
285,86,3
285,96,3
285,15,3
286,25,1
286,48,0
286,57,8
286,3,0
286,62,0
286,81,0
286,47,5
286,30,0
286,51,8
286,97,0
286,29,0
286,31,0
286,49,8
287,19,2
287,78,0
287,28,0
287,96,0
287,69,0
287,60,0
287,99,0
287,41,5
287,43,6
287,72,8
287,3,0
287,83,0
287,87,0
287,20,1
288,87,5
288,56,6
288,32,5
288,74,5
288,91,5
288,28,5
288,44,5
288,30,9
288,81,0
288,92,5
288,43,8
288,94,5
288,42,1
288,23,3
289,40,0
289,53,6
289,86,3
289,33,0
289,2,3
289,34,1
289,49,8
289,59,3
289,54,3
289,66,3
289,17,2
289,45,3
290,48,6
290,53,6
290,21,3
290,33,0
290,71,2
290,77,0
290,45,6
290,92,6
290,7,6
290,96,6
290,69,6
290,50,7
290,15,9
291,40,8
291,68,1
291,97,3
291,9,8
291,11,1
291,80,8
291,58,0
291,1,8
291,87,8
291,25,2
291,42,5
291,49,9
291,51,9
291,69,8
292,94,4
292,88,4
292,13,3
292,11,4
292,3,4
292,16,4
292,5,0
292,2,4
292,80,4
292,90,1
292,62,1
292,31,4
292,33,4
293,98,3
293,23,8
293,35,1
293,45,4
293,76,2
293,49,3
293,26,2
293,50,6
293,91,2
293,30,2
293,46,2
293,43,3
293,48,6
293,61,2
294,3,0
294,7,0
294,44,0
294,0,4
294,67,0
294,68,0
294,98,0
294,56,0
294,71,0
294,60,1
294,88,0
294,42,9
294,65,0
294,12,0
295,69,2
295,95,2
295,92,9
295,19,9
295,81,2
295,21,1
295,47,6
295,46,2
295,22,7
295,9,6
295,73,7
295,52,5
295,77,3
296,22,9
296,66,5
296,56,5
296,14,5
296,53,9
296,43,5
296,31,5
296,98,2
296,2,4
296,50,0
296,7,5
296,35,1
296,69,3
296,17,0
296,27,5
297,69,7
297,83,1
297,92,7
297,52,7
297,81,7
297,95,2
297,3,7
297,82,1
297,26,7
297,21,9
297,13,8
297,89,7
297,29,4
298,78,3
298,19,7
298,61,4
298,42,1
298,85,1
298,59,7
298,2,1
298,79,5
298,58,8
298,88,1
298,43,7
298,41,1
298,57,1
298,87,2
299,29,6
299,72,6
299,17,6
299,38,6
299,5,7
299,12,4
299,25,8
299,54,0
299,22,0
299,7,6
299,87,6
299,35,2
299,30,4
299,80,3
299,34,9
300,83,4
300,14,8
300,5,6
300,17,4
300,39,0
300,6,7
300,48,9
300,68,1
300,54,4
300,50,4
300,8,2
300,32,7
300,44,6
300,27,8
300,94,4
301,50,3
301,44,1
301,85,9
301,94,9
301,6,9
301,78,9
301,81,9
301,64,8
301,39,9
301,20,9
301,53,1
301,19,9
301,91,9
301,54,9
302,59,6
302,33,6
302,28,7
302,81,6
302,14,9
302,83,0
302,36,8
302,98,6
302,72,6
302,55,3
302,20,6
302,99,6
302,70,6
302,41,0
303,76,9
303,90,0
303,29,9
303,0,9
303,19,3
303,22,9
303,48,9
303,9,4
303,14,3
303,46,8
303,97,5
303,3,9
303,45,9
303,82,7
303,92,0
304,96,1
304,58,2
304,34,4
304,9,1
304,92,6
304,49,1
304,14,8
304,48,1
304,1,0
304,21,9
304,24,8
304,72,1
304,18,3
304,60,4
304,91,1
305,61,3
305,26,3
305,41,3
305,81,3
305,4,3
305,42,3
305,45,6
305,23,1
305,47,2
305,36,9
305,68,8
305,88,3
305,57,7
305,38,3
305,62,5
306,13,7
306,74,5
306,9,6
306,86,4
306,76,5
306,43,0
306,96,8
306,6,1
306,85,0
306,37,5
306,78,5
306,89,6
307,60,0
307,81,0
307,84,0
307,83,2
307,86,8
307,13,4
307,30,0
307,14,0
307,7,0
307,99,3
307,49,7
307,45,2
307,52,4
307,94,0
308,86,8
308,16,8
308,30,5
308,25,2
308,54,4
308,49,6
308,13,3
308,52,8
308,94,5
308,23,8
308,11,4
308,12,8
308,36,4
308,75,1
309,69,6
309,6,9
309,76,5
309,1,0
309,9,5
309,94,5
309,23,5
309,22,5
309,8,8
309,55,4
309,73,8
309,16,2
309,26,2
309,12,5
309,61,2
310,40,0
310,85,3
310,61,8
310,47,4
310,98,8
310,74,9
310,56,8
310,8,1
310,26,3
310,48,8
310,63,0
310,29,9
310,99,1
311,98,8
311,26,1
311,13,8
311,73,1
311,8,5
311,92,4
311,16,2
311,53,5
311,12,8
311,14,5
311,10,8
311,70,8
311,20,5
311,36,8
312,65,5
312,39,6
312,62,8
312,70,6
312,25,6
312,12,2
312,17,6
312,33,6
312,99,2
312,73,6
312,51,7
313,64,9
313,29,6
313,25,9
313,50,1
313,19,4
313,34,3
313,17,9
313,62,9
313,12,9
313,3,3
313,36,9
313,51,4
314,65,8
314,67,1
314,39,6
314,10,9
314,77,6
314,87,8
314,49,4
314,13,3
314,7,8
314,54,8
314,0,8
314,72,3
314,3,8
314,95,0
314,11,3
315,89,5
315,80,8
315,55,5
315,51,6
315,8,2
315,58,2
315,86,6
315,29,6
315,21,7
315,60,2
315,70,0
315,87,8
315,82,1
315,81,3
315,37,8
316,32,6
316,86,7
316,37,8
316,89,2
316,75,2
316,50,6
316,61,9
316,29,7
316,28,2
316,41,8
316,8,2
316,84,4
316,39,8
317,72,3
317,88,7
317,31,3
317,11,7
317,55,7
317,68,0
317,34,3
317,99,6
317,14,7
317,76,8
317,28,7
317,85,6
317,30,9
317,8,5
317,19,7
318,47,9
318,78,8
318,88,9
318,61,9
318,72,9
318,60,2
318,80,7
318,34,9
318,63,7
318,17,9
318,6,5
318,32,9
318,64,9
318,71,9
318,31,8
319,83,9
319,38,1
319,37,9
319,0,9
319,92,0
319,85,5
319,50,9
319,62,9
319,31,9
319,88,9
319,95,0
319,49,9
319,33,4
319,93,7
320,72,7
320,38,4
320,2,4
320,11,4
320,97,4
320,3,8
320,53,5
320,15,4
320,26,9
320,49,4
320,17,4
320,46,4
320,57,4
320,1,4
320,83,0
321,60,4
321,50,4
321,91,3
321,80,0
321,0,4
321,6,2
321,36,8
321,66,2
321,85,3
321,83,4
321,41,4
321,4,4
321,77,7
321,57,0
322,60,8
322,13,5
322,14,5
322,32,8
322,1,4
322,76,0
322,86,5
322,17,5
322,51,7
322,36,2
322,77,5
322,19,9
323,77,6
323,27,4
323,45,4
323,5,3
323,71,6
323,34,5
323,1,6
323,14,6
323,35,2
323,18,2
323,9,2
323,6,6
323,64,6
324,22,7
324,38,6
324,54,6
324,21,9
324,1,6
324,71,6
324,74,3
324,68,6
324,12,6
324,62,5
324,35,6
324,34,5
324,41,4
325,16,4
325,56,0
325,41,0
325,54,3
325,22,6
325,47,6
325,92,0
325,68,3
325,94,0
325,24,5
325,40,4
325,49,9
325,66,2
325,97,3
325,43,0
326,79,5
326,72,1
326,10,4
326,92,4
326,4,4
326,25,3
326,30,4
326,50,7
326,69,4
326,44,7
326,49,4
326,52,4
326,23,4
326,31,4
326,85,4
327,93,7
327,29,3
327,34,1
327,66,5
327,20,7
327,16,1
327,41,1
327,18,1
327,98,8
327,17,1
327,55,1
327,31,1
327,14,6
327,72,1
328,57,8
328,15,3
328,23,8
328,62,3
328,14,5
328,41,7
328,9,7
328,7,7
328,35,1
328,5,7
328,17,7
328,96,7
328,59,7
329,44,9
329,53,5
329,7,5
329,19,5
329,9,9
329,49,5
329,34,8
329,18,5
329,56,8
329,86,5
329,17,3
329,23,5
329,51,5
329,38,1
329,54,3
330,69,2
330,27,6
330,44,0
330,22,2
330,28,2
330,53,2
330,96,5
330,16,2
330,73,4
330,40,5
330,57,0
330,18,1
330,90,2
330,62,5
331,30,3
331,72,3
331,61,8
331,36,3
331,89,3
331,49,3
331,95,8
331,17,8
331,42,0
331,19,0
331,47,3
331,8,4
331,28,3
332,17,2
332,29,0
332,44,2
332,7,0
332,74,9
332,11,0
332,28,0
332,18,8
332,25,6
332,88,7
332,3,7
332,5,9
332,36,0
332,52,0
333,68,1
333,97,4
333,27,4
333,72,1
333,1,1
333,41,4
333,11,4
333,25,4
333,74,0
333,79,8
333,53,4
333,6,3
334,39,4
334,43,8
334,11,9
334,19,8
334,21,2
334,88,8
334,1,9
334,66,8
334,30,8
334,4,8
334,78,8
334,57,8
334,9,2
334,41,8
335,5,0
335,80,1
335,75,6
335,83,1
335,61,3
335,25,7
335,54,1
335,95,5
335,68,6
335,97,5
335,64,1
335,33,4
335,2,1
335,17,2
336,22,8
336,53,7
336,73,8
336,65,5
336,45,7
336,37,5
336,49,6
336,14,7
336,81,6
336,74,7
336,98,9
336,7,9
336,32,3
336,15,2
337,78,6
337,52,4
337,1,5
337,30,4
337,99,1
337,95,6
337,25,4
337,23,4
337,13,5
337,85,2
337,50,5
337,10,8
337,71,4
338,39,0
338,86,1
338,95,1
338,37,3
338,48,0
338,81,8
338,83,1
338,80,6
338,6,3
338,64,1
338,98,4
338,16,0
338,42,5
338,93,6
339,67,2
339,44,0
339,99,6
339,92,2
339,80,3
339,79,8
339,5,2
339,58,6
339,38,2
339,54,2
339,11,2
339,3,6
339,61,2
339,6,8
339,1,2
340,95,9
340,81,6
340,46,9
340,49,4
340,4,7
340,56,9
340,97,9
340,3,9
340,73,7
340,72,4
340,12,4
340,42,5
340,84,1
340,2,9
340,28,7
341,36,0
341,0,0
341,11,0
341,3,7
341,66,8
341,43,9
341,58,0
341,80,0
341,86,8
341,59,0
341,42,6
341,92,0
341,41,0
341,39,5
342,41,1
342,26,1
342,70,0
342,22,1
342,75,1
342,87,1
342,34,1
342,19,1
342,85,1
342,4,3
342,8,3
342,92,1
342,80,1
342,55,3
343,65,5
343,67,9
343,87,1
343,34,1
343,53,4
343,96,9
343,52,1
343,39,8
343,61,1
343,23,0
343,73,2
343,59,1
343,79,1
343,8,1
343,93,1
344,58,5
344,14,1
344,27,1
344,45,2
344,67,3
344,31,1
344,42,1
344,92,7
344,98,4
344,28,5
344,5,1
344,73,8
344,84,2
344,16,9
344,12,1
345,20,3
345,24,1
345,40,1
345,32,5
345,38,9
345,77,8
345,22,7
345,75,1
345,35,1
345,79,4
345,84,2
345,52,1
345,55,0
346,63,6
346,69,6
346,84,6
346,65,6
346,51,6
346,8,6
346,52,1
346,1,6
346,49,6
346,81,6
346,17,3
346,95,6
346,57,4
346,85,1
346,23,6
347,55,7
347,26,6
347,1,5
347,88,6
347,44,6
347,29,6
347,23,6
347,15,4
347,27,6
347,86,6
347,9,7
347,22,6
347,45,7
347,32,1
347,78,9
348,26,8
348,10,9
348,15,8
348,68,9
348,99,6
348,86,7
348,8,4
348,85,6
348,89,8
348,66,7
348,94,0
348,48,8
348,0,8
349,24,6
349,25,5
349,26,3
349,27,5
349,83,2
349,12,6
349,98,3
349,73,2
349,86,1
349,57,8
349,94,3
349,63,7
350,18,1
350,3,1
350,39,7
350,22,9
350,68,6
350,28,9
350,60,3
350,16,9
350,12,9
350,54,5
350,97,9
350,40,7
350,38,8
351,25,9
351,18,3
351,7,3
351,77,5
351,65,3
351,97,9
351,32,3
351,40,9
351,14,3
351,81,6
351,48,3
351,46,3
351,75,0
351,64,7
351,84,0
352,86,8
352,35,1
352,21,8
352,39,8
352,19,8
352,42,8
352,69,8
352,94,8
352,74,2
352,54,8
352,52,8
352,16,8
352,55,8
352,93,8
353,99,4
353,52,8
353,84,0
353,68,0
353,97,0
353,0,0
353,80,7
353,42,0
353,61,0
353,27,0
353,60,0
353,83,0
353,79,7
353,51,0
354,96,7
354,25,6
354,65,1
354,14,9
354,87,9
354,42,9
354,60,9
354,84,9
354,81,4
354,0,9
354,41,9
354,49,3
354,17,9
355,98,0
355,48,8
355,76,8
355,47,0
355,22,0
355,72,2
355,21,0
355,89,0
355,27,8
355,58,0
355,60,7
355,61,6
355,94,0
355,74,0
355,82,9
356,20,9
356,76,9
356,82,0
356,47,9
356,62,9
356,73,9
356,65,6
356,79,9
356,75,8
356,25,8
356,48,9
356,15,9
356,49,8
356,50,9
356,63,0
357,97,0
357,93,0
357,50,6
357,58,0
357,88,2
357,30,0
357,24,0
357,74,0
357,95,0
357,42,2
357,62,0
357,44,0
357,92,3
358,55,6
358,56,5
358,21,5
358,66,5
358,95,3
358,41,1
358,9,5
358,5,5
358,19,7
358,1,5
358,43,0
358,10,6
358,11,5
358,22,5
358,50,5
359,63,3
359,36,0
359,27,0
359,50,3
359,90,0
359,4,3
359,77,7
359,53,6
359,31,3
359,18,4
359,6,6
359,28,3
359,1,7
359,78,1
359,54,3
360,81,4
360,35,4
360,34,8
360,10,4
360,8,6
360,84,3
360,20,3
360,30,5
360,60,3
360,67,7
360,75,9
360,39,4
360,7,4
360,6,4
361,19,6
361,82,6
361,84,4
361,6,2
361,88,7
361,69,2
361,25,2
361,37,7
361,93,2
361,77,2
361,3,2
361,23,9
361,41,2
362,92,1
362,10,9
362,37,2
362,70,6
362,13,4
362,72,4
362,90,4
362,8,2
362,98,2
362,63,4
362,52,2
362,48,4
362,81,1
363,39,4
363,90,3
363,50,1
363,57,2
363,36,8
363,74,5
363,85,1
363,65,3
363,56,6
363,59,3
363,41,7
363,12,0
364,66,8
364,32,1
364,71,4
364,39,5
364,43,5
364,87,1
364,70,1
364,97,4
364,21,4
364,31,4
364,8,8
364,36,4
364,76,1
364,22,2
364,73,4
365,13,7
365,56,7
365,42,9
365,8,7
365,2,7
365,90,8
365,57,5
365,91,5
365,23,6
365,63,7
365,76,7
365,94,8
365,93,7
365,26,3
365,40,1
366,50,8
366,17,6
366,13,9
366,76,3
366,40,6
366,21,0
366,36,2
366,16,6
366,14,6
366,71,9
366,15,6
366,86,8
366,78,9
366,22,7
367,64,4
367,33,7
367,26,4
367,78,4
367,3,4
367,50,4
367,11,4
367,68,4
367,94,3
367,73,2
367,40,9
367,49,4
367,6,4
367,45,4
368,1,4
368,89,4
368,39,4
368,41,4
368,77,8
368,55,4
368,5,4
368,72,4
368,17,2
368,78,2
368,6,4
368,54,4
368,59,9
368,46,6
368,9,8
369,89,7
369,28,5
369,7,7
369,47,7
369,44,2
369,34,1
369,73,8
369,80,9
369,12,5
369,14,7
369,13,2
369,57,0
369,95,3
369,77,4
369,18,2
370,62,8
370,2,8
370,67,3
370,31,8
370,16,7
370,19,8
370,93,8
370,28,8
370,4,8
370,33,2
370,38,8
370,27,7
371,14,5
371,86,5
371,0,3
371,40,3
371,6,8
371,96,3
371,49,3
371,55,3
371,27,2
371,57,3
371,83,3
371,67,9
371,24,7
371,29,3
372,26,4
372,23,6
372,36,0
372,40,0
372,87,0
372,41,2
372,74,4
372,57,4
372,75,0
372,12,2
372,96,8
372,8,2
372,53,7
373,18,6
373,96,4
373,91,4
373,65,3
373,73,4
373,50,8
373,90,4
373,43,8
373,14,4
373,68,4
373,59,4
373,4,4
373,49,4
373,17,3
373,57,7
374,65,2
374,1,2
374,13,0
374,66,1
374,62,7
374,47,5
374,35,2
374,16,2
374,24,2
374,61,2
374,39,7
374,30,2
374,25,2
374,97,2
375,13,4
375,87,4
375,84,3
375,8,0
375,10,6
375,55,2
375,42,4
375,26,3
375,16,4
375,34,4
375,39,4
375,99,8
375,3,4
376,5,6
376,55,6
376,27,5
376,81,6
376,91,1
376,25,0
376,42,6
376,1,8
376,76,6
376,21,0
376,45,4
376,90,6
376,50,2
376,41,0
377,39,3
377,44,3
377,74,4
377,11,2
377,41,1
377,21,4
377,79,0
377,17,4
377,49,2
377,8,6
377,86,0
377,5,4
377,48,4
377,58,7
378,64,6
378,99,6
378,23,6
378,32,6
378,89,6
378,4,6
378,8,4
378,66,9
378,19,8
378,79,6
378,75,6
378,20,2
378,82,6
379,39,7
379,70,0
379,98,6
379,65,6
379,2,6
379,18,1
379,78,6
379,82,6
379,79,1
379,50,6
379,86,2
379,76,8
379,54,6
380,60,0
380,99,0
380,96,5
380,76,5
380,41,6
380,83,4
380,28,0
380,37,0
380,0,4
380,57,4
380,11,0
380,68,0
380,34,0
381,98,3
381,55,7
381,56,2
381,92,4
381,37,8
381,14,4
381,7,4
381,12,3
381,58,4
381,38,5
381,91,3
381,69,4
381,70,1
382,82,3
382,50,1
382,37,8
382,10,8
382,59,2
382,1,7
382,87,8
382,98,9
382,78,2
382,68,6
382,33,9
382,23,4
382,8,2
382,58,2
383,94,4
383,43,2
383,84,9
383,9,7
383,85,1
383,7,2
383,61,3
383,58,4
383,77,2
383,14,0
383,2,2
383,42,5
383,60,2
383,12,2
384,31,3
384,26,3
384,46,5
384,30,3
384,27,4
384,47,9
384,89,8
384,95,3
384,92,3
384,67,4
384,53,6
384,40,3
384,18,3
384,85,4
385,61,3
385,70,8
385,87,4
385,56,2
385,44,8
385,81,8
385,59,8
385,34,6
385,30,1
385,31,5
385,78,5
385,39,9
385,74,8
385,28,8
385,8,8
386,87,6
386,96,2
386,66,1
386,86,3
386,48,3
386,11,5
386,22,6
386,59,6
386,92,1
386,24,6
386,31,6
386,74,6
386,41,6
387,42,6
387,19,8
387,89,3
387,96,3
387,47,3
387,78,5
387,71,0
387,24,3
387,52,7
387,40,3
387,57,3
387,48,3
387,56,3
387,46,5
387,32,4
388,29,4
388,83,2
388,53,2
388,54,2
388,34,2
388,49,5
388,32,2
388,91,4
388,20,5
388,18,2
388,13,2
388,72,0
388,6,2
388,5,2
388,30,2
389,74,0
389,56,0
389,78,7
389,94,0
389,10,3
389,75,0
389,97,8
389,82,0
389,33,0
389,60,0
389,69,0
389,34,7
389,91,6
389,53,8
390,6,3
390,53,8
390,29,1
390,75,8
390,19,4
390,4,1
390,2,1
390,41,0
390,36,7
390,95,1
390,79,1
390,37,5
390,42,4
390,23,1
390,73,1
391,67,0
391,65,8
391,19,2
391,78,3
391,53,2
391,8,2
391,31,2
391,81,2
391,26,2
391,37,1
391,43,2
391,4,5
391,87,2
392,10,4
392,38,3
392,55,2
392,13,0
392,92,5
392,29,5
392,91,4
392,32,7
392,12,5
392,6,4
392,37,2
392,71,9
392,50,4
392,87,8
393,38,7
393,84,5
393,15,5
393,13,5
393,72,6
393,87,5
393,56,0
393,6,5
393,37,5
393,99,5
393,25,5
393,18,5
394,61,6
394,69,6
394,14,8
394,85,6
394,66,6
394,12,6
394,86,7
394,20,4
394,92,6
394,38,6
394,19,6
394,65,6
394,21,6
394,95,6
394,84,6
395,44,5
395,59,4
395,7,5
395,66,4
395,57,5
395,11,8
395,16,4
395,54,9
395,75,9
395,33,4
395,94,4
395,91,4
396,96,8
396,26,3
396,32,4
396,87,9
396,57,8
396,29,8
396,86,4
396,50,3
396,14,8
396,30,6
396,77,8
396,18,0
396,43,3
397,27,0
397,60,5
397,68,5
397,34,0
397,17,0
397,29,2
397,91,8
397,63,9
397,94,8
397,52,0
397,71,2
397,42,2
397,81,0
397,4,0
397,86,7
398,99,9
398,81,8
398,7,4
398,97,5
398,9,5
398,6,5
398,70,2
398,50,2
398,14,5
398,78,4
398,75,6
398,85,5
398,52,0
399,87,9
399,65,6
399,11,6
399,48,6
399,79,7
399,0,6
399,56,9
399,74,6
399,39,0
399,40,1
399,41,7
399,13,5
399,64,6
399,36,6
399,2,2
400,26,5
400,18,5
400,86,3
400,13,8
400,89,3
400,67,0
400,65,9
400,50,3
400,77,3
400,22,3
400,62,0
400,53,0
400,20,9
400,34,6
401,60,9
401,5,9
401,61,3
401,16,3
401,18,9
401,12,9
401,27,9
401,53,5
401,33,6
401,31,8
401,71,9
401,62,2
401,11,0
401,40,2
401,43,0
402,38,7
402,73,1
402,80,4
402,11,8
402,98,9
402,83,4
402,16,9
402,36,9
402,71,3
402,50,8
402,21,9
402,19,2
402,35,9
402,97,1
402,47,9
403,66,4
403,42,4
403,58,0
403,61,3
403,48,4
403,68,2
403,46,4
403,43,2
403,21,4
403,73,0
403,96,4
403,6,4
403,24,4
404,16,1
404,88,1
404,46,1
404,9,1
404,4,2
404,23,9
404,56,1
404,30,6
404,74,8
404,38,2
404,5,1
405,31,5
405,72,2
405,84,7
405,62,4
405,55,8
405,95,2
405,60,8
405,25,0
405,29,0
405,56,4
405,90,3
405,99,2
405,52,5
405,30,3
405,88,5
406,61,0
406,81,1
406,80,1
406,46,1
406,12,9
406,33,1
406,51,6
406,98,4
406,93,1
406,67,1
406,78,1
406,44,8
406,6,1
406,26,2
406,76,8
407,88,2
407,57,2
407,47,2
407,78,4
407,83,0
407,93,2
407,5,4
407,10,2
407,4,2
407,89,2
407,18,2
407,30,2
407,59,2
407,79,2
407,43,7
408,42,2
408,66,2
408,95,1
408,27,4
408,58,2
408,30,5
408,52,2
408,32,2
408,79,7
408,70,7
408,80,2
408,73,2
408,3,2
408,39,3
408,45,7
409,73,7
409,6,6
409,17,2
409,97,2
409,28,2
409,38,2
409,30,2
409,33,2
409,39,4
409,7,2
409,92,9
409,29,0
409,67,6
409,27,2
410,69,7
410,86,5
410,46,5
410,42,5
410,90,2
410,87,9
410,35,6
410,13,5
410,55,5
410,29,5
410,4,5
410,33,2
410,68,5
410,11,1
411,82,5
411,34,9
411,7,9
411,74,6
411,29,3
411,77,6
411,42,2
411,10,6
411,52,8
411,66,9
411,26,3
411,8,1
411,31,9
411,85,7
411,18,9
412,47,6
412,41,8
412,44,9
412,80,8
412,70,8
412,98,8
412,67,8
412,99,8
412,77,8
412,38,4
412,83,4
412,51,3
412,37,5
412,79,5
413,61,0
413,71,0
413,96,1
413,44,2
413,4,5
413,25,2
413,57,1
413,42,6
413,33,1
413,2,4
413,29,1
413,73,2
413,3,0
414,81,1
414,82,2
414,73,9
414,29,3
414,93,3
414,35,5
414,57,3
414,58,5
414,52,4
414,63,7
414,47,9
414,40,3
414,67,4
414,38,4
414,36,0
415,24,9
415,70,4
415,4,9
415,72,5
415,16,1
415,14,7
415,63,9
415,79,9
415,96,9
415,68,4
415,40,9
415,94,7
415,31,9
415,34,1
416,40,4
416,41,7
416,98,5
416,51,5
416,66,5
416,87,5
416,2,5
416,58,5
416,84,5
416,50,4
416,81,5
416,73,5
416,95,5
416,97,9
417,61,8
417,30,1
417,80,7
417,44,8
417,69,8
417,58,8
417,63,8
417,39,8
417,98,0
417,60,8
417,99,8
417,64,8
417,4,8
418,96,2
418,15,2
418,16,2
418,81,2
418,26,8
418,12,2
418,29,1
418,18,2
418,52,2
418,23,0
418,20,0
418,38,7
419,80,0
419,45,5
419,91,5
419,73,0
419,26,3
419,27,1
419,21,9
419,2,5
419,98,9
419,55,6
419,61,7
419,46,5
419,76,6
419,36,5
420,57,1
420,10,8
420,87,9
420,92,8
420,53,6
420,1,1
420,81,9
420,41,6
420,39,5
420,95,2
420,17,1
420,16,2
420,12,8
420,21,3
421,7,6
421,24,9
421,66,8
421,87,8
421,64,8
421,83,9
421,14,8
421,88,8
421,56,6
421,71,8
421,65,8
421,8,8
421,48,8
422,42,3
422,47,7
422,45,3
422,6,0
422,51,0
422,44,9
422,95,7
422,36,6
422,78,9
422,21,0
422,77,7
422,86,7
422,69,0
422,68,7
423,45,5
423,15,3
423,87,6
423,71,9
423,82,6
423,84,3
423,83,5
423,31,5
423,27,2
423,63,6
423,76,2
423,34,5
423,18,2
423,25,5
424,52,5
424,48,6
424,46,5
424,69,5
424,9,5
424,30,5
424,55,8
424,57,3
424,31,5
424,6,6
424,93,5
424,44,5
424,14,0
425,10,8
425,72,2
425,67,8
425,60,8
425,2,1
425,70,7
425,53,8
425,22,8
425,48,8
425,20,0
425,56,8
425,73,6
425,85,4
425,79,5
425,46,8
426,56,8
426,78,3
426,75,8
426,84,8
426,79,8
426,36,2
426,30,0
426,55,9
426,0,8
426,60,8
426,68,8
426,32,8
426,59,5
426,74,2
427,52,6
427,67,6
427,38,4
427,46,6
427,16,0
427,77,6
427,97,6
427,76,4
427,0,6
427,43,6
427,94,6
427,1,6
427,58,6
427,89,6
428,10,1
428,43,3
428,72,5
428,27,1
428,64,9
428,62,4
428,76,9
428,65,3
428,97,9
428,7,5
428,87,9
428,99,0
428,70,4
428,83,3
429,62,6
429,50,7
429,81,7
429,10,7
429,31,7
429,56,7
429,43,4
429,59,7
429,68,7
429,45,7
429,0,7
429,69,7
429,65,8
429,18,7
429,1,5
430,0,6
430,73,6
430,97,6
430,53,5
430,50,7
430,24,7
430,29,9
430,47,3
430,58,6
430,68,6
430,40,6
430,43,6
430,48,6
430,71,8
431,17,3
431,66,4
431,41,1
431,99,0
431,97,2
431,3,2
431,9,7
431,89,7
431,75,2
431,15,0
431,8,2
431,70,6
432,34,9
432,32,0
432,3,7
432,97,0
432,49,0
432,26,2
432,86,0
432,57,4
432,16,5
432,0,0
432,92,0
432,20,2
432,13,0
432,59,7
432,58,1
433,55,8
433,89,6
433,97,8
433,32,5
433,63,2
433,14,5
433,54,5
433,5,5
433,53,5
433,17,5
433,0,5
433,77,5
433,98,5
434,21,7
434,66,0
434,10,2
434,32,0
434,92,9
434,95,3
434,63,8
434,27,0
434,40,9
434,82,5
434,79,4
434,46,0
434,70,0
435,73,3
435,33,1
435,88,3
435,23,3
435,57,3
435,58,9
435,98,3
435,21,3
435,3,8
435,86,3
435,45,3
435,47,3
435,97,3
435,0,3
436,44,4
436,66,3
436,58,2
436,71,3
436,40,0
436,47,2
436,38,8
436,60,1
436,11,8
436,92,7
436,37,1
436,29,3
436,31,1
436,25,5
436,63,1
437,86,0
437,10,3
437,79,7
437,34,3
437,54,3
437,36,3
437,35,7
437,12,7
437,91,3
437,99,3
437,48,3
437,13,1
437,51,3
437,58,3
438,34,1
438,7,2
438,17,0
438,3,2
438,5,2
438,50,9
438,88,2
438,36,7
438,31,2
438,4,2
438,15,3
438,28,2
438,57,2
438,38,2
438,43,9
439,72,9
439,38,1
439,0,9
439,93,2
439,86,1
439,35,9
439,17,8
439,71,4
439,59,6
439,12,9
439,83,9
439,96,9
439,61,9
440,87,5
440,96,5
440,65,5
440,74,5
440,9,3
440,13,9
440,70,5
440,80,7
440,66,4
440,5,3
440,58,8
440,32,7
440,81,0
440,63,5
441,30,3
441,26,3
441,83,3
441,34,8
441,66,2
441,37,3
441,36,3
441,28,3
441,75,9
441,32,8
441,58,2
441,84,3
441,41,3
441,42,7
441,52,3
442,73,9
442,3,1
442,27,6
442,6,8
442,15,8
442,51,1
442,44,5
442,30,8
442,16,8
442,95,1
442,47,9
442,35,6
442,81,3
442,18,8
443,30,9
443,78,4
443,7,4
443,96,0
443,2,4
443,3,4
443,58,9
443,45,2
443,73,0
443,29,4
443,92,0
443,93,4
443,56,2
443,49,8
444,2,1
444,35,8
444,13,1
444,19,8
444,32,0
444,18,1
444,23,1
444,69,1
444,43,5
444,64,6
444,55,8
444,61,8
444,14,6
444,44,3
444,9,1
445,55,9
445,66,8
445,59,4
445,58,8
445,69,8
445,39,5
445,12,5
445,21,4
445,93,8
445,2,8
445,8,5
445,52,8
445,25,7
445,26,8
446,82,0
446,96,5
446,8,0
446,73,7
446,78,8
446,27,7
446,84,5
446,17,9
446,71,5
446,94,5
446,55,1
446,93,5
446,28,5
447,40,2
447,31,3
447,50,9
447,96,7
447,41,9
447,22,3
447,68,9
447,57,9
447,93,9
447,27,6
447,0,9
447,77,9
447,73,4
447,71,6
448,40,5
448,68,0
448,82,6
448,79,5
448,61,0
448,48,4
448,34,0
448,30,0
448,12,0
448,65,0
448,42,0
448,36,0
448,6,0
448,0,0
448,74,8
449,76,3
449,93,1
449,97,1
449,7,1
449,88,1
449,62,0
449,23,1
449,0,1
449,71,6
449,81,1
449,41,6
449,36,1
449,73,1
449,49,0
449,42,1
450,95,0
450,11,1
450,20,0
450,56,4
450,10,9
450,27,2
450,59,4
450,61,3
450,87,0
450,76,1
450,64,1
450,34,1
450,60,2
450,75,1
450,84,1
451,68,2
451,53,1
451,74,7
451,85,6
451,18,1
451,3,1
451,65,3
451,33,7
451,87,1
451,95,1
451,1,0
451,6,0
451,4,1
451,67,0
452,68,0
452,81,6
452,22,4
452,6,6
452,45,6
452,51,2
452,41,0
452,1,0
452,74,6
452,60,8
452,23,0
452,39,3
452,4,2
452,12,4
452,43,5
453,3,4
453,89,4
453,86,4
453,28,4
453,62,4
453,5,9
453,21,4
453,95,4
453,87,4
453,61,5
453,31,4
453,50,4
453,14,4
453,96,1
454,47,5
454,64,5
454,12,7
454,81,7
454,74,5
454,27,7
454,73,0
454,15,5
454,45,4
454,18,7
454,61,5
454,50,8
454,72,2
454,44,5
454,46,5
455,64,1
455,7,1
455,10,1
455,46,1
455,66,1
455,13,9
455,48,1
455,24,1
455,97,1
455,75,3
455,42,1
455,41,1
455,47,1
455,0,1
455,39,1
456,30,8
456,58,4
456,27,1
456,95,4
456,88,4
456,7,0
456,44,2
456,83,4
456,29,4
456,87,8
456,65,5
456,40,4
456,75,2
457,47,2
457,14,2
457,48,2
457,31,9
457,3,0
457,79,4
457,42,6
457,28,8
457,15,3
457,64,2
457,75,0
457,89,2
457,69,2
457,10,0
458,71,0
458,40,0
458,97,3
458,87,7
458,43,4
458,53,8
458,58,0
458,92,6
458,3,6
458,29,3
458,80,0
458,94,1
458,68,1
458,76,0
459,30,9
459,36,9
459,76,4
459,1,9
459,75,9
459,24,1
459,85,9
459,25,0
459,98,8
459,32,0
459,49,4
459,54,9
459,8,9
459,43,0
460,50,3
460,9,9
460,15,4
460,13,0
460,51,5
460,22,1
460,2,1
460,84,1
460,19,1
460,88,1
460,70,2
460,0,1
460,21,1
460,96,8
460,57,1
461,26,7
461,13,1
461,1,7
461,46,2
461,91,7
461,82,2
461,43,7
461,28,0
461,63,3
461,34,9
461,15,7
461,36,4
461,57,7
461,86,7
462,80,4
462,63,3
462,50,4
462,75,4
462,33,7
462,6,4
462,82,4
462,94,4
462,23,6
462,55,8
462,0,4
462,68,9
462,67,6
462,66,4
462,1,7
463,70,2
463,31,7
463,77,7
463,60,4
463,58,9
463,50,7
463,38,7
463,10,6
463,89,7
463,5,1
463,35,4
463,75,7
463,1,7
463,7,7
463,30,0
464,68,1
464,99,2
464,51,1
464,12,1
464,26,1
464,11,1
464,88,1
464,6,5
464,9,1
464,89,1
464,4,1
464,78,6
464,70,0
464,73,1
465,14,5
465,53,2
465,94,2
465,97,3
465,8,4
465,70,1
465,67,7
465,96,3
465,18,5
465,5,9
465,75,5
465,59,3
465,87,3
466,60,3
466,48,5
466,86,5
466,96,4
466,74,4
466,21,5
466,15,8
466,32,3
466,5,3
466,8,5
466,43,5
466,35,5
466,90,5
466,11,5
467,99,6
467,7,6
467,65,6
467,92,3
467,49,1
467,22,0
467,10,4
467,12,4
467,2,6
467,44,6
467,57,4
467,26,5
467,42,6
467,97,6
467,88,6
468,70,8
468,13,7
468,76,3
468,7,7
468,35,3
468,53,7
468,77,7
468,24,7
468,12,7
468,74,7
468,19,3
468,81,7
468,87,4
469,54,0
469,59,7
469,1,9
469,35,7
469,34,9
469,13,7
469,62,1
469,33,9
469,57,3
469,4,7
469,69,7
469,27,0
469,0,7
469,11,0
469,22,3
470,85,3
470,79,9
470,97,6
470,50,0
470,17,3
470,65,3
470,48,3
470,33,7
470,32,3
470,59,9
470,88,4
470,86,3
470,11,6
470,75,7
470,44,3
471,71,8
471,16,8
471,35,8
471,70,7
471,64,8
471,28,8
471,22,8
471,66,3
471,31,7
471,61,8
471,54,3
471,82,0
471,56,8
471,26,9
472,56,4
472,82,0
472,16,5
472,84,7
472,78,4
472,94,6
472,33,4
472,1,4
472,35,4
472,27,4
472,98,9
472,54,4
472,11,6
472,57,4
473,43,5
473,52,7
473,39,7
473,54,7
473,0,7
473,78,7
473,94,4
473,87,1
473,45,5
473,90,7
473,24,8
473,20,4
473,41,7
474,66,1
474,99,1
474,88,1
474,23,1
474,30,7
474,86,1
474,85,8
474,90,9
474,9,5
474,43,8
474,1,9
474,16,1
474,83,1
474,75,9
475,29,4
475,26,7
475,66,4
475,91,4
475,65,4
475,71,6
475,5,4
475,20,4
475,82,0
475,30,9
475,4,4
475,44,4
475,24,4
476,77,8
476,66,8
476,52,5
476,37,5
476,69,7
476,45,6
476,58,5
476,93,5
476,54,5
476,18,5
476,26,4
476,22,7
476,83,5
476,86,5
476,57,6
477,24,1
477,0,1
477,57,1
477,86,1
477,53,9
477,68,1
477,36,8
477,89,1
477,40,1
477,81,1
477,66,1
477,58,1
477,79,1
478,5,0
478,31,3
478,86,3
478,99,4
478,37,4
478,43,4
478,70,4
478,33,4
478,68,6
478,36,2
478,27,5
478,80,6
479,72,9
479,73,7
479,17,7
479,95,9
479,75,5
479,15,7
479,3,7
479,39,7
479,66,0
479,62,1
479,49,9
479,63,7
479,56,7
479,98,7
480,72,1
480,70,8
480,44,9
480,98,3
480,71,3
480,5,8
480,62,6
480,41,9
480,45,9
480,91,3
480,75,3
480,43,3
480,53,3
481,91,5
481,72,1
481,11,6
481,53,5
481,43,5
481,61,5
481,74,5
481,7,5
481,62,5
481,87,5
481,78,5
481,55,0
481,69,5
481,73,8
481,94,5
482,16,0
482,22,0
482,72,6
482,71,0
482,38,8
482,34,0
482,7,0
482,53,0
482,28,0
482,24,0
482,78,7
482,50,0
482,62,7
482,31,0
483,26,6
483,77,8
483,9,4
483,47,1
483,78,4
483,29,4
483,20,6
483,33,4
483,67,0
483,76,7
483,27,4
483,57,5
484,29,6
484,88,2
484,40,2
484,80,2
484,66,2
484,81,1
484,19,8
484,38,2
484,18,5
484,79,2
484,94,0
484,91,3
484,42,4
484,17,9
485,21,9
485,46,3
485,63,2
485,32,8
485,83,2
485,22,4
485,81,5
485,34,0
485,8,3
485,94,3
485,43,1
485,12,7
485,90,1
485,82,2
486,77,9
486,32,9
486,5,9
486,39,9
486,12,9
486,61,9
486,8,1
486,22,6
486,94,9
486,74,8
486,60,9
486,28,2
486,95,5
486,19,0
486,51,9
487,8,9
487,1,7
487,7,7
487,87,7
487,99,5
487,45,9
487,98,5
487,47,1
487,16,7
487,27,7
487,90,8
487,23,1
487,60,6
487,73,7
487,95,4
488,76,7
488,29,6
488,24,0
488,91,7
488,67,8
488,87,7
488,47,5
488,1,4
488,39,2
488,65,8
488,84,7
488,45,7
488,95,7
489,12,7
489,59,4
489,94,8
489,47,3
489,91,3
489,93,7
489,41,3
489,45,7
489,22,5
489,83,6
489,63,4
489,35,7
489,0,7
489,2,7
490,2,6
490,42,4
490,44,4
490,0,4
490,82,7
490,51,1
490,84,3
490,74,4
490,98,4
490,46,4
490,63,8
490,30,6
490,69,4
490,18,4
491,21,5
491,67,6
491,52,5
491,64,5
491,43,5
491,94,6
491,91,1
491,3,7
491,36,2
491,29,5
491,95,2
491,16,5
491,35,2
491,89,5
491,96,5
492,50,2
492,87,6
492,34,9
492,41,0
492,44,4
492,67,2
492,99,4
492,7,4
492,61,9
492,72,3
492,52,2
492,27,2
492,92,1
493,11,8
493,17,7
493,3,7
493,96,2
493,0,7
493,44,2
493,75,3
493,35,9
493,38,7
493,48,7
493,42,0
493,10,7
493,82,5
493,56,6
493,40,7
494,85,1
494,64,9
494,70,1
494,41,1
494,93,1
494,43,6
494,16,8
494,48,8
494,44,1
494,1,1
494,11,1
494,51,6
494,54,1
494,3,5
495,9,7
495,92,9
495,97,4
495,47,8
495,20,8
495,27,4
495,83,8
495,81,8
495,88,8
495,42,8
495,93,4
495,40,8
495,2,8
495,89,8
495,90,0
496,74,0
496,43,2
496,82,8
496,32,6
496,69,8
496,96,2
496,2,1
496,4,8
496,42,8
496,88,5
496,19,8
496,10,2
496,59,7
496,54,6
497,45,1
497,38,9
497,5,7
497,85,0
497,8,5
497,17,6
497,34,5
497,64,4
497,76,4
497,2,4
497,10,6
497,27,4
497,70,8
498,75,2
498,63,4
498,22,3
498,89,2
498,29,6
498,76,2
498,80,2
498,71,0
498,21,3
498,91,5
498,61,1
498,39,2
498,15,2
498,41,2
499,27,7
499,81,4
499,74,7
499,68,5
499,77,7
499,6,1
499,4,3
499,7,7
499,94,4
499,87,7
499,44,1
499,86,7
499,24,7
499,41,6
500,37,1
500,90,5
500,33,5
500,40,7
500,2,5
500,76,5
500,84,8
500,25,5
500,1,5
500,38,5
500,15,4
500,43,5
500,35,2
500,31,5
501,49,0
501,85,2
501,47,3
501,92,3
501,21,3
501,72,0
501,15,3
501,29,3
501,43,1
501,20,3
501,31,3
501,86,1
501,25,7
501,39,3
502,81,9
502,30,5
502,35,5
502,57,5
502,58,9
502,56,0
502,46,5
502,45,5
502,54,4
502,76,8
502,53,5
502,93,4
502,68,5
503,37,5
503,17,2
503,59,2
503,7,2
503,48,2
503,42,9
503,10,5
503,76,2
503,5,8
503,25,7
503,23,9
503,35,8
503,79,2
503,40,2
503,41,2
504,17,6
504,0,9
504,47,3
504,28,3
504,94,9
504,46,6
504,67,8
504,71,4
504,30,2
504,98,9
504,13,9
504,6,7
504,62,9
504,91,4
505,77,0
505,88,0
505,30,0
505,41,0
505,98,0
505,20,0
505,55,4
505,46,0
505,35,0
505,6,4
505,65,0
505,5,0
505,51,0
506,78,3
506,88,4
506,85,3
506,20,7
506,17,3
506,7,3
506,21,3
506,57,6
506,2,6
506,58,7
506,37,5
506,32,1
506,39,0
506,80,8
507,41,3
507,96,8
507,75,9
507,77,3
507,36,2
507,43,5
507,90,8
507,84,6
507,16,6
507,6,6
507,62,5
507,32,8
507,13,0
507,3,6
507,95,7
508,29,5
508,8,5
508,12,4
508,27,5
508,87,3
508,52,8
508,63,6
508,62,1
508,10,0
508,46,5
508,79,9
508,40,8
508,80,4
508,1,5
508,26,5
509,48,7
509,39,8
509,43,7
509,40,7
509,24,7
509,8,3
509,16,7
509,13,5
509,89,7
509,15,1
509,20,2
509,0,7
509,57,9
510,22,2
510,62,6
510,40,2
510,52,8
510,69,2
510,19,8
510,88,2
510,74,2
510,50,8
510,1,2
510,30,1
510,84,2
511,89,7
511,53,0
511,17,0
511,60,7
511,28,0
511,61,0
511,29,0
511,7,0
511,72,8
511,65,3
511,25,5
511,3,9
511,39,4
511,51,1
512,70,1
512,23,9
512,50,5
512,79,5
512,27,4
512,71,6
512,21,6
512,38,5
512,34,8
512,55,5
512,72,4
512,32,8
512,48,5
512,22,3
513,86,0
513,48,4
513,23,3
513,97,9
513,56,0
513,88,4
513,46,4
513,10,4
513,13,1
513,75,4
513,50,0
513,3,4
513,95,3
513,51,6
514,26,9
514,25,1
514,98,0
514,30,1
514,53,9
514,7,9
514,61,8
514,34,9
514,39,9
514,95,7
514,66,5
514,37,2
514,12,9
514,52,5
514,94,9
515,54,5
515,82,3
515,68,9
515,19,3
515,29,2
515,33,0
515,20,3
515,39,3
515,52,3
515,30,3
515,93,3
515,17,3
515,91,3
515,43,6
516,39,9
516,67,9
516,25,9
516,46,1
516,92,9
516,31,5
516,24,9
516,91,9
516,0,9
516,34,5
516,99,9
516,3,9
516,48,6
516,68,5
517,76,7
517,21,7
517,91,7
517,57,7
517,11,6
517,55,9
517,56,0
517,37,3
517,40,7
517,70,2
517,30,9
517,38,7
517,49,8
517,8,8
518,55,3
518,90,7
518,75,0
518,43,7
518,66,5
518,6,2
518,47,4
518,26,1
518,59,7
518,95,7
518,22,7
518,85,7
518,92,4
518,71,7
519,45,2
519,37,0
519,29,2
519,8,7
519,39,6
519,56,7
519,43,7
519,60,7
519,64,7
519,94,5
519,4,7
519,20,6
519,14,0
519,28,7
520,89,8
520,12,2
520,58,2
520,41,4
520,61,6
520,60,1
520,96,4
520,87,4
520,4,4
520,3,3
520,66,0
520,27,4
520,56,7
520,5,7
521,20,5
521,95,5
521,94,5
521,26,3
521,51,3
521,82,7
521,23,5
521,18,7
521,17,5
521,29,7
521,63,4
521,62,0
521,69,5
521,87,6
522,16,3
522,20,0
522,13,2
522,80,2
522,61,2
522,5,2
522,71,2
522,26,2
522,44,9
522,75,2
522,95,2
522,81,2
522,77,2
522,43,1
523,28,4
523,85,4
523,47,8
523,16,5
523,5,7
523,24,4
523,13,0
523,68,2
523,7,4
523,56,4
523,37,6
523,82,9
523,49,0
523,12,3
523,41,4
524,82,0
524,0,0
524,47,8
524,31,2
524,58,9
524,29,6
524,67,0
524,22,0
524,86,5
524,40,8
524,77,7
525,22,1
525,69,1
525,94,5
525,18,8
525,26,1
525,52,1
525,19,1
525,67,1
525,23,0
525,73,5
525,27,6
525,10,1
525,59,1
525,29,3
525,57,2
526,69,9
526,73,0
526,62,3
526,27,9
526,83,4
526,90,0
526,20,9
526,99,9
526,1,1
526,12,2
526,76,7
526,68,9
526,80,9
526,70,4
526,33,8
527,97,0
527,60,4
527,49,3
527,87,0
527,66,4
527,13,0
527,6,6
527,98,0
527,76,6
527,64,8
527,4,0
527,2,0
527,11,3
527,73,1
527,19,2
528,2,2
528,92,7
528,35,9
528,20,2
528,90,2
528,36,9
528,46,2
528,24,8
528,49,9
528,21,9
528,59,9
528,97,8
528,60,6
529,6,2
529,49,8
529,18,2
529,52,8
529,31,8
529,65,0
529,36,3
529,56,2
529,29,5
529,20,8
529,97,9
529,9,8
529,94,8
529,55,1
529,73,8
530,51,8
530,22,8
530,79,5
530,62,4
530,58,4
530,92,6
530,32,1
530,46,8
530,85,9
530,94,8
530,15,8
530,38,8
530,95,8
530,89,8
530,65,8
531,68,9
531,46,9
531,75,6
531,16,9
531,25,9
531,77,1
531,57,9
531,44,8
531,61,6
531,63,9
531,47,3
531,17,5
531,2,9
532,43,0
532,22,0
532,2,0
532,12,0
532,3,0
532,85,0
532,72,0
532,49,0
532,36,0
532,33,8
532,62,0
532,55,6
532,48,0
532,30,0
533,2,5
533,42,5
533,55,6
533,11,5
533,48,5
533,9,8
533,96,5
533,24,5
533,19,4
533,56,5
533,68,5
533,64,5
533,23,4
533,34,5
533,71,5
534,19,8
534,72,6
534,29,5
534,51,0
534,50,7
534,22,7
534,84,0
534,48,6
534,76,0
534,0,0
534,75,0
534,16,0
534,86,1
534,18,4
535,31,9
535,58,0
535,2,9
535,19,3
535,33,0
535,88,9
535,39,9
535,63,0
535,34,9
535,1,9
535,78,9
535,82,4
535,72,2
535,12,9
535,10,0
536,17,8
536,20,8
536,27,8
536,69,8
536,0,8
536,24,1
536,99,8
536,57,8
536,79,8
536,52,4
536,76,0
536,58,8
536,87,4
537,53,3
537,44,0
537,99,2
537,39,3
537,28,5
537,82,3
537,85,3
537,90,0
537,54,3
537,11,1
537,73,6
537,13,3
537,55,3
537,60,8
537,77,5
538,32,7
538,61,2
538,98,2
538,17,2
538,11,0
538,31,2
538,53,4
538,64,2
538,95,2
538,3,1
538,6,2
538,33,2
538,16,3
538,45,2
538,24,2
539,58,4
539,28,4
539,15,1
539,12,7
539,18,8
539,86,3
539,2,4
539,59,0
539,34,8
539,5,4
539,63,8
539,84,4
539,74,1
539,88,6
540,50,0
540,79,1
540,99,1
540,82,3
540,93,1
540,13,1
540,61,9
540,84,4
540,90,4
540,68,5
540,33,1
540,9,1
540,47,1
540,83,0
541,96,5
541,90,5
541,33,7
541,16,5
541,79,1
541,74,0
541,0,5
541,77,9
541,23,6
541,34,5
541,78,4
541,13,7
541,62,5
541,85,5
542,79,9
542,7,8
542,28,8
542,1,8
542,57,0
542,9,8
542,12,8
542,14,9
542,17,0
542,11,8
542,70,8
542,91,8
542,51,5
542,53,2
542,95,9
543,62,0
543,15,0
543,61,8
543,86,0
543,40,6
543,59,0
543,64,0
543,25,0
543,8,9
543,72,0
543,28,0
543,93,0
543,55,0
543,56,5
543,6,0
544,68,7
544,95,7
544,78,3
544,27,7
544,13,7
544,82,7
544,35,4
544,1,5
544,6,7
544,44,5
544,50,7
544,28,8
544,9,0
544,94,7
545,57,5
545,24,5
545,28,5
545,18,4
545,26,7
545,53,5
545,11,7
545,50,2
545,16,9
545,68,7
545,10,3
545,0,5
545,56,5
545,69,5
545,65,5
546,38,6
546,44,7
546,65,6
546,92,6
546,14,8
546,3,6
546,54,2
546,85,7
546,86,2
546,81,6
546,71,8
546,82,2
546,13,2
546,76,6
546,12,6
547,15,6
547,64,6
547,88,6
547,56,4
547,36,5
547,25,6
547,18,1
547,7,6
547,71,6
547,61,6
547,45,1
547,43,6
547,84,6
547,93,6
548,52,9
548,23,8
548,67,8
548,69,8
548,85,2
548,4,8
548,29,8
548,81,9
548,36,8
548,13,8
548,84,3
548,14,5
548,53,3
548,74,5
549,33,8
549,36,8
549,50,1
549,70,8
549,94,8
549,34,8
549,15,8
549,54,8
549,96,5
549,31,3
549,10,6
549,49,8
549,5,8
549,99,8
550,89,5
550,12,5
550,78,5
550,11,5
550,79,5
550,8,9
550,94,5
550,36,5
550,93,5
550,6,5
550,50,9
550,14,5
550,45,2
550,63,5
550,31,3
551,94,6
551,53,6
551,33,3
551,13,6
551,72,7
551,65,6
551,39,5
551,66,1
551,34,2
551,55,5
551,24,8
551,10,6
551,90,8
552,40,2
552,4,9
552,45,1
552,68,5
552,15,9
552,1,6
552,48,9
552,10,4
552,24,9
552,82,9
552,67,3
552,11,3
552,98,4
553,71,6
553,26,9
553,2,3
553,87,4
553,76,3
553,49,3
553,58,3
553,75,3
553,0,3
553,95,3
553,89,3
553,23,3
553,74,3
554,32,6
554,31,4
554,90,1
554,39,2
554,17,9
554,64,9
554,58,1
554,43,9
554,35,0
554,23,9
554,73,0
554,34,9
554,71,3
555,84,2
555,60,6
555,5,7
555,61,9
555,72,8
555,19,7
555,77,6
555,4,4
555,49,4
555,13,0
555,95,7
555,55,4
555,50,6
556,63,2
556,90,2
556,25,5
556,68,3
556,73,9
556,30,0
556,91,1
556,15,1
556,56,2
556,37,1
556,35,5
556,57,8
556,54,6
556,78,5
556,11,0
557,82,9
557,42,7
557,53,1
557,22,9
557,31,0
557,62,3
557,91,6
557,74,9
557,47,2
557,80,9
557,14,7
557,88,9
557,84,7
557,96,9
558,70,5
558,61,5
558,83,2
558,91,9
558,74,0
558,28,5
558,55,5
558,44,2
558,92,0
558,19,8
558,4,5
558,39,4
558,98,2
558,94,5
559,57,5
559,89,5
559,58,5
559,11,5
559,64,5
559,16,0
559,68,5
559,86,9
559,9,4
559,27,5
559,48,5
559,85,0
559,61,5
559,36,5
560,35,1
560,63,2
560,42,1
560,16,3
560,84,1
560,26,1
560,66,3
560,89,3
560,74,1
560,34,1
560,95,4
560,91,3
560,15,9
560,2,5
561,48,1
561,96,1
561,43,6
561,0,1
561,25,1
561,12,7
561,95,4
561,34,1
561,13,1
561,32,4
561,39,1
561,38,0
561,9,6
561,49,9
561,17,7
562,27,0
562,61,0
562,87,6
562,53,0
562,36,1
562,95,1
562,85,2
562,43,0
562,49,4
562,45,1
562,30,9
562,5,5
562,52,0
562,47,0
563,0,2
563,97,2
563,67,2
563,48,8
563,20,7
563,22,8
563,63,2
563,77,3
563,83,2
563,8,4
563,11,2
563,69,2
563,16,3
563,6,0
564,87,3
564,1,1
564,41,9
564,62,7
564,79,4
564,17,3
564,47,6
564,37,2
564,44,3
564,93,3
564,25,5
564,21,1
564,98,6
564,85,3
564,42,5
565,66,1
565,2,1
565,38,1
565,54,1
565,86,1
565,0,1
565,85,1
565,88,2
565,20,1
565,77,9
565,13,1
565,61,8
565,42,1
566,68,9
566,99,5
566,44,5
566,29,5
566,87,5
566,21,5
566,85,5
566,40,2
566,25,4
566,49,6
566,89,8
566,22,9
566,31,5
566,39,6
567,74,5
567,70,9
567,43,2
567,11,2
567,26,5
567,63,6
567,62,5
567,80,9
567,5,2
567,57,2
567,16,8
567,98,1
567,40,2
567,48,2
568,15,2
568,92,7
568,26,0
568,63,0
568,29,0
568,57,0
568,41,0
568,74,4
568,13,4
568,32,0
568,75,0
568,43,0
568,80,0
569,47,4
569,9,2
569,2,6
569,43,4
569,58,3
569,46,9
569,28,2
569,36,4
569,55,0
569,86,3
569,53,9
569,57,7
569,80,3
569,1,6
570,59,7
570,45,7
570,9,7
570,60,4
570,56,7
570,84,9
570,58,4
570,33,6
570,57,7
570,40,1
570,21,0
570,62,7
570,43,8
570,90,7
570,18,2
571,87,3
571,24,1
571,29,1
571,45,6
571,67,9
571,49,1
571,73,6
571,91,1
571,12,1
571,0,1
571,42,1
571,59,3
571,9,5
571,64,1
572,22,8
572,27,8
572,51,2
572,40,8
572,19,8
572,0,8
572,26,8
572,52,2
572,50,8
572,23,8
572,89,7
572,6,8
572,71,9
573,40,7
573,85,8
573,81,7
573,28,7
573,84,5
573,34,7
573,78,2
573,38,0
573,7,7
573,52,2
573,63,7
573,50,7
573,31,7
574,42,8
574,88,7
574,53,7
574,15,7
574,33,7
574,40,4
574,19,7
574,69,7
574,76,3
574,73,8
574,58,7
574,89,7
574,27,5
575,69,1
575,46,1
575,49,1
575,53,2
575,51,3
575,41,1
575,80,8
575,54,6
575,23,1
575,94,5
575,52,1
575,85,5
575,4,3
575,21,1
575,30,2
576,57,1
576,81,3
576,0,9
576,12,9
576,97,9
576,11,9
576,19,5
576,14,9
576,2,9
576,95,7
576,59,5
576,28,9
576,74,9
576,6,9
576,76,9
577,23,6
577,2,6
577,97,2
577,78,1
577,47,9
577,41,6
577,39,1
577,53,6
577,83,6
577,99,6
577,87,6
577,93,6
577,60,6
577,64,6
578,77,4
578,8,4
578,63,3
578,79,4
578,89,1
578,34,2
578,4,4
578,86,6
578,68,9
578,55,4
578,13,3
578,46,4
578,67,1
578,15,4
578,82,4
579,11,8
579,91,8
579,27,8
579,15,6
579,30,8
579,92,8
579,90,3
579,31,8
579,55,5
579,96,9
579,45,9
579,60,0
579,71,2
579,40,8
579,46,8
580,2,3
580,78,3
580,22,8
580,82,3
580,63,1
580,62,8
580,73,3
580,16,5
580,98,9
580,48,6
580,3,3
580,64,3
580,44,1
580,60,7
581,66,5
581,73,5
581,30,5
581,60,8
581,27,2
581,21,3
581,28,5
581,98,4
581,39,5
581,56,6
581,63,8
581,6,1
581,5,4
581,67,5
581,58,6
582,61,0
582,28,4
582,25,3
582,57,6
582,89,4
582,22,1
582,91,0
582,51,7
582,59,4
582,72,4
582,53,4
582,48,4
582,18,4
582,11,4
583,93,9
583,1,9
583,83,6
583,91,9
583,88,9
583,51,5
583,14,9
583,67,8
583,50,3
583,85,8
583,6,9
583,13,7
583,2,9
583,64,9
584,45,3
584,52,3
584,88,3
584,26,6
584,23,3
584,14,3
584,13,3
584,31,3
584,56,3
584,72,4
584,8,4
584,68,3
584,54,3
584,10,3
585,23,5
585,29,3
585,26,3
585,34,3
585,90,1
585,81,3
585,6,3
585,88,3
585,17,9
585,16,3
585,45,3
585,47,8
585,10,2
585,11,3
586,22,2
586,42,3
586,13,8
586,78,5
586,5,8
586,50,4
586,76,4
586,14,4
586,77,4
586,71,4
586,24,4
586,31,6
586,45,4
586,97,5
586,44,4
587,36,9
587,31,1
587,26,8
587,49,1
587,69,1
587,20,1
587,15,1
587,37,1
587,68,2
587,44,1
587,1,8
587,24,1
587,76,7
588,23,0
588,22,1
588,26,9
588,58,1
588,89,9
588,40,9
588,1,9
588,21,9
588,80,9
588,66,9
588,17,9
588,45,5
588,70,8
589,73,5
589,64,4
589,78,4
589,38,4
589,30,3
589,0,4
589,97,4
589,65,5
589,93,4
589,44,0
589,58,4
589,35,8
589,26,8
589,54,7
589,28,4
590,99,5
590,33,7
590,76,6
590,60,6
590,71,6
590,19,6
590,56,6
590,37,8
590,44,4
590,40,6
590,78,6
590,55,6
590,92,6
590,94,6
591,86,2
591,70,8
591,72,5
591,26,8
591,24,2
591,93,2
591,76,2
591,36,7
591,2,2
591,20,9
591,3,2
591,96,2
591,28,2
591,29,6
592,58,4
592,76,3
592,21,8
592,47,3
592,56,1
592,74,3
592,83,6
592,15,3
592,45,4
592,35,5
592,30,3
592,27,6
592,60,5
592,72,0
593,99,7
593,29,7
593,28,7
593,67,7
593,1,7
593,56,7
593,77,6
593,31,0
593,47,7
593,40,0
593,2,4
593,79,3
594,8,9
594,16,1
594,82,9
594,86,1
594,78,9
594,69,9
594,49,9
594,92,3
594,9,1
594,88,8
594,87,3
594,73,0
594,55,4
594,35,9
595,36,5
595,29,4
595,49,9
595,55,1
595,69,4
595,99,8
595,78,4
595,98,4
595,47,3
595,80,4
595,19,4
595,65,7
595,94,7
595,51,4
596,82,8
596,6,8
596,21,8
596,94,0
596,86,5
596,85,8
596,90,5
596,71,9
596,38,7
596,40,5
596,92,1
596,19,5
596,35,4
596,91,7
596,46,5
597,40,8
597,76,3
597,1,4
597,68,3
597,80,4
597,35,4
597,89,3
597,16,3
597,46,3
597,9,3
597,66,5
597,39,3
597,56,3
598,65,1
598,71,1
598,9,1
598,41,1
598,66,1
598,0,1
598,31,1
598,59,1
598,12,2
598,14,3
598,92,1
598,6,4
598,3,1
599,49,2
599,66,2
599,68,2
599,40,6
599,48,2
599,31,2
599,15,4
599,46,2
599,12,2
599,38,8
599,1,2
599,56,2
599,94,9
599,60,7
599,55,5
600,77,1
600,47,6
600,36,7
600,63,4
600,1,8
600,99,7
600,83,3
600,64,7
600,79,7
600,39,7
600,97,7
600,14,2
600,87,7
600,2,1
600,4,2
601,25,1
601,66,3
601,14,7
601,94,7
601,9,7
601,41,6
601,75,0
601,37,0
601,57,7
601,21,7
601,49,7
601,36,7
601,12,7
601,8,3
601,56,3
602,59,8
602,11,3
602,36,5
602,52,1
602,99,1
602,88,8
602,43,8
602,82,8
602,97,9
602,90,8
602,68,5
602,73,1
602,85,0
602,37,1
602,92,9
603,21,3
603,94,5
603,62,2
603,16,3
603,88,3
603,20,3
603,11,3
603,90,3
603,58,2
603,1,8
603,57,7
603,80,3
603,45,3
604,26,4
604,24,4
604,16,4
604,11,9
604,39,7
604,95,4
604,50,4
604,59,7
604,53,5
604,68,4
604,82,1
604,27,4
604,63,4
604,1,5
604,15,4
605,56,4
605,20,3
605,37,4
605,38,8
605,42,3
605,28,8
605,59,5
605,99,6
605,62,8
605,50,5
605,77,8
605,15,8
605,86,8
606,33,7
606,50,0
606,23,0
606,57,0
606,11,0
606,66,3
606,52,9
606,38,1
606,75,0
606,92,0
606,1,0
606,7,1
606,98,5
607,41,1
607,15,9
607,46,9
607,7,9
607,97,9
607,29,1
607,74,9
607,64,9
607,25,9
607,48,1
607,21,9
607,44,9
607,47,9
607,73,9
607,93,8
608,20,7
608,83,9
608,51,9
608,48,2
608,40,9
608,87,5
608,33,9
608,19,5
608,74,9
608,60,8
608,38,8
608,64,9
608,39,9
608,98,9
609,49,4
609,22,9
609,21,4
609,44,4
609,63,2
609,38,4
609,14,0
609,31,4
609,65,4
609,92,4
609,60,3
609,18,4
609,51,4
609,6,8
610,80,7
610,16,9
610,6,9
610,98,9
610,50,9
610,93,9
610,23,4
610,20,9
610,53,9
610,24,9
610,9,6
611,94,0
611,72,2
611,58,9
611,17,9
611,89,9
611,24,9
611,86,6
611,0,9
611,79,6
611,33,9
611,96,9
611,35,9
611,95,9
611,80,9
612,30,0
612,43,7
612,38,4
612,82,1
612,23,0
612,59,7
612,86,4
612,22,9
612,42,1
612,83,3
612,63,3
612,70,4
612,89,4
612,90,3
613,64,8
613,40,2
613,1,6
613,70,5
613,14,4
613,76,4
613,50,9
613,62,8
613,85,8
613,27,1
613,7,8
613,79,6
613,82,7
613,63,9
613,84,6
614,97,5
614,41,4
614,5,4
614,71,4
614,28,4
614,2,4
614,35,8
614,65,2
614,11,4
614,25,4
614,53,4
615,85,4
615,5,0
615,57,9
615,11,8
615,43,9
615,30,6
615,22,7
615,31,9
615,15,9
615,10,3
615,21,3
615,81,9
615,84,2
615,61,4
616,48,5
616,2,6
616,37,5
616,57,5
616,54,5
616,5,5
616,83,5
616,35,5
616,10,9
616,79,3
616,19,7
616,38,0
616,55,6
617,74,8
617,48,5
617,41,5
617,78,5
617,43,8
617,56,5
617,16,5
617,73,5
617,47,5
617,44,5
617,38,2
617,28,5
617,37,5
618,65,1
618,45,8
618,75,7
618,10,4
618,18,6
618,67,7
618,42,4
618,24,3
618,33,4
618,46,3
618,44,4
618,40,1
618,2,4
618,53,8
618,28,0
619,9,1
619,92,7
619,36,1
619,44,4
619,54,9
619,3,1
619,12,1
619,62,4
619,91,4
619,63,1
619,41,9
619,38,1
619,20,1
619,35,5
619,8,1
620,7,5
620,78,4
620,16,5
620,64,5
620,33,5
620,91,8
620,57,0
620,92,1
620,34,2
620,88,5
620,35,0
620,1,5
620,15,0
620,97,0
620,83,5
621,50,5
621,82,7
621,72,7
621,44,3
621,79,7
621,95,7
621,80,7
621,45,1
621,10,9
621,3,7
621,34,4
621,52,3
621,83,9
621,5,1
622,7,0
622,63,6
622,72,6
622,0,9
622,38,1
622,21,5
622,97,9
622,17,9
622,74,9
622,82,5
622,69,9
622,27,9
622,12,9
622,77,0
622,90,9
623,62,9
623,58,9
623,61,9
623,91,9
623,17,1
623,95,9
623,65,8
623,81,2
623,12,9
623,15,3
623,22,9
623,84,9
623,67,4
623,44,9
623,31,9
624,46,2
624,86,5
624,72,4
624,70,5
624,5,2
624,83,2
624,0,0
624,48,2
624,6,2
624,79,1
624,29,8
624,45,8
624,92,2
624,84,5
624,99,5
625,90,6
625,89,8
625,79,8
625,70,9
625,22,5
625,26,8
625,85,8
625,23,8
625,76,4
625,62,7
625,84,8
625,52,8
625,92,3
625,3,8
626,19,7
626,22,4
626,60,5
626,94,9
626,62,3
626,91,3
626,12,3
626,57,5
626,23,8
626,92,3
626,51,3
626,96,3
626,8,1
626,89,3
626,83,0
627,45,1
627,41,5
627,39,0
627,11,6
627,9,0
627,48,0
627,34,1
627,25,0
627,14,0
627,80,0
627,78,3
627,31,0
627,85,0
628,40,4
628,50,3
628,73,8
628,32,4
628,48,8
628,93,8
628,51,8
628,5,7
628,23,4
628,33,8
628,39,7
628,0,8
628,1,8
628,79,5
628,27,8
629,35,3
629,20,2
629,50,6
629,63,1
629,82,6
629,4,3
629,76,5
629,2,3
629,94,7
629,83,8
629,30,3
629,61,3
629,72,3
629,99,1
630,14,6
630,7,4
630,24,4
630,54,2
630,4,4
630,84,6
630,52,0
630,29,0
630,37,9
630,32,4
630,91,7
630,70,9
630,27,4
630,41,5
631,29,1
631,18,1
631,92,1
631,27,1
631,9,8
631,55,0
631,20,7
631,64,1
631,95,5
631,34,2
631,41,8
631,40,3
631,73,4
632,71,3
632,86,6
632,11,3
632,36,3
632,76,8
632,34,9
632,99,3
632,56,3
632,45,6
632,50,9
632,17,4
632,77,5
632,1,9
633,17,3
633,8,3
633,32,3
633,7,3
633,73,0
633,63,3
633,92,3
633,14,2
633,82,3
633,45,3
633,71,9
633,99,2
633,30,3
633,83,3
633,36,3
634,95,1
634,8,3
634,20,9
634,29,8
634,54,5
634,57,7
634,47,2
634,26,5
634,41,5
634,1,5
634,80,5
634,82,8
635,81,5
635,68,0
635,41,8
635,99,6
635,38,5
635,32,5
635,58,5
635,48,5
635,27,3
635,82,3
635,43,5
635,39,1
635,12,4
636,52,8
636,98,8
636,18,8
636,92,8
636,25,8
636,11,8
636,85,8
636,73,7
636,82,3
636,24,8
636,66,8
636,74,8
636,36,8
636,13,4
637,80,6
637,1,7
637,70,5
637,49,8
637,64,3
637,59,5
637,74,5
637,79,8
637,22,7
637,21,5
637,97,1
637,9,8
637,19,2
637,66,5
638,89,6
638,53,4
638,96,8
638,42,4
638,84,0
638,54,2
638,85,4
638,39,7
638,59,0
638,99,3
638,88,4
638,44,4
638,50,4
638,35,2
638,11,5
639,42,4
639,94,5
639,98,3
639,6,0
639,83,5
639,55,5
639,54,5
639,72,5
639,11,0
639,9,2
639,26,7
639,95,1
639,30,5
639,80,4
639,20,5
640,68,5
640,18,5
640,6,9
640,37,5
640,62,5
640,58,9
640,70,1
640,81,4
640,57,5
640,17,5
640,80,6
640,33,9
640,79,5
640,98,5
641,92,7
641,63,6
641,75,8
641,23,7
641,37,6
641,45,6
641,36,6
641,24,5
641,40,8
641,85,6
641,35,3
641,8,4
641,29,1
641,87,6
642,37,5
642,96,5
642,16,2
642,47,2
642,24,5
642,36,6
642,9,8
642,53,3
642,90,3
642,62,5
642,67,5
642,51,8
642,80,5
642,6,5
642,73,5
643,39,4
643,18,4
643,68,9
643,4,4
643,38,4
643,23,4
643,51,7
643,35,0
643,55,3
643,92,4
643,60,7
643,0,4
643,67,4
644,5,4
644,26,4
644,39,4
644,49,6
644,57,4
644,44,6
644,18,4
644,75,4
644,83,9
644,68,4
644,28,4
644,60,5
644,64,4
644,65,0
644,81,8
645,25,0
645,61,0
645,31,0
645,95,9
645,47,0
645,78,1
645,44,1
645,17,0
645,63,0
645,38,2
645,80,0
645,11,6
645,26,0
645,99,8
645,1,9
646,27,9
646,84,2
646,47,1
646,34,9
646,81,9
646,95,9
646,56,9
646,93,9
646,30,9
646,98,4
646,70,9
646,86,8
646,39,8
646,26,7
647,80,2
647,45,6
647,98,3
647,85,1
647,92,1
647,46,1
647,62,1
647,81,2
647,50,1
647,9,6
647,86,6
647,75,1
647,94,1
647,4,1
647,8,7
648,58,8
648,22,1
648,1,8
648,12,5
648,43,5
648,68,9
648,67,9
648,5,5
648,35,2
648,40,5
648,30,0
648,53,7
648,80,5
649,7,0
649,88,0
649,98,0
649,90,9
649,20,8
649,73,4
649,93,8
649,33,0
649,22,0
649,71,0
649,99,2
649,91,8
649,68,0
650,75,6
650,42,1
650,52,1
650,40,1
650,33,1
650,64,1
650,59,7
650,4,2
650,21,8
650,81,2
650,28,1
650,35,1
650,31,1
651,90,7
651,38,1
651,34,5
651,1,2
651,59,0
651,6,1
651,26,1
651,23,0
651,74,4
651,13,1
651,60,4
651,69,1
651,91,4
651,83,1
652,82,7
652,91,7
652,73,2
652,1,6
652,26,7
652,87,8
652,78,4
652,4,7
652,63,7
652,76,7
652,68,7
652,81,6
652,54,7
652,22,7
652,57,7
653,55,6
653,15,0
653,75,7
653,12,0
653,39,3
653,86,1
653,91,0
653,53,0
653,9,1
653,63,8
653,61,0
653,74,5
653,14,3
653,99,0
653,52,0
654,5,3
654,53,0
654,96,5
654,87,0
654,78,4
654,39,0
654,74,0
654,93,0
654,59,7
654,16,0
654,62,0
654,88,0
654,38,5
655,69,5
655,52,1
655,47,5
655,8,7
655,5,6
655,83,1
655,34,6
655,67,5
655,29,7
655,87,1
655,76,2
655,45,0
655,91,5
656,59,7
656,2,7
656,80,7
656,64,4
656,5,7
656,18,7
656,40,0
656,75,0
656,78,7
656,31,7
656,41,0
656,8,7
656,17,7
657,96,1
657,41,1
657,98,7
657,88,1
657,90,6
657,18,3
657,43,2
657,51,1
657,23,1
657,31,1
657,52,0
657,1,3
657,47,1
657,76,1
658,11,8
658,4,8
658,98,5
658,94,9
658,47,0
658,32,6
658,45,3
658,46,3
658,69,8
658,60,6
658,37,8
658,3,8
659,73,7
659,27,0
659,29,7
659,25,1
659,13,7
659,67,3
659,97,7
659,17,7
659,63,1
659,4,7
659,60,4
659,57,2
659,66,2
659,81,4
659,32,5
660,6,5
660,21,0
660,67,8
660,96,5
660,83,5
660,12,1
660,2,5
660,68,5
660,97,7
660,36,6
660,25,5
660,22,5
660,58,5
660,53,7
660,60,5
661,69,5
661,18,4
661,60,6
661,36,2
661,44,1
661,54,5
661,70,5
661,22,0
661,7,5
661,43,0
661,50,5
661,91,5
661,25,5
661,81,5
661,62,6
662,92,7
662,17,2
662,71,1
662,21,9
662,0,2
662,38,2
662,19,9
662,41,6
662,10,3
662,76,2
662,9,1
662,57,2
662,59,0
662,3,5
663,94,9
663,27,9
663,43,9
663,67,9
663,1,0
663,40,9
663,84,5
663,50,4
663,58,9
663,44,1
663,71,7
663,18,9
663,37,9
663,72,3
664,20,6
664,69,6
664,60,1
664,50,1
664,47,2
664,16,5
664,89,6
664,94,9
664,57,6
664,34,5
664,65,6
664,80,9
664,86,7
664,67,0
665,21,0
665,3,0
665,29,8
665,47,0
665,67,0
665,28,0
665,57,0
665,66,1
665,4,0
665,31,7
665,1,7
665,8,3
665,68,0
665,11,1
666,44,3
666,32,2
666,28,3
666,39,3
666,2,3
666,66,7
666,12,8
666,15,3
666,96,5
666,83,2
666,60,6
666,86,3
666,42,3
666,99,3
667,7,8
667,89,7
667,15,7
667,85,6
667,83,4
667,90,6
667,6,7
667,40,8
667,93,7
667,5,8
667,38,7
667,3,9
667,43,9
667,94,7
668,52,0
668,26,2
668,37,2
668,5,2
668,30,7
668,94,2
668,79,6
668,59,0
668,33,2
668,45,5
668,57,4
668,84,2
668,61,5
668,41,2
669,13,6
669,39,2
669,84,7
669,29,3
669,33,7
669,30,7
669,49,7
669,94,5
669,27,5
669,83,6
669,54,7
669,46,8
669,56,7
669,78,7
669,98,7
670,32,3
670,83,3
670,50,0
670,57,3
670,81,0
670,51,2
670,25,7
670,33,2
670,36,2
670,38,2
670,58,8
670,15,3
671,95,6
671,1,5
671,30,5
671,70,6
671,54,8
671,14,4
671,13,6
671,96,9
671,52,9
671,36,6
671,8,6
671,7,9
671,87,6
671,3,9
672,32,2
672,25,0
672,19,5
672,13,0
672,9,0
672,44,1
672,70,9
672,53,5
672,79,0
672,15,0
672,66,2
672,28,0
672,99,7
672,22,0
673,26,1
673,95,1
673,10,1
673,17,3
673,55,7
673,9,1
673,44,1
673,15,1
673,79,2
673,97,3
673,94,1
673,49,6
673,13,1
674,77,7
674,86,0
674,60,0
674,66,7
674,44,4
674,73,9
674,4,7
674,82,7
674,11,8
674,94,1
674,19,1
674,26,0
674,27,7
674,36,7
675,74,7
675,9,0
675,79,7
675,25,4
675,51,7
675,31,7
675,6,7
675,32,7
675,40,3
675,84,7
675,4,7
675,41,4
675,8,7
675,34,3
676,88,4
676,36,2
676,11,0
676,14,2
676,79,0
676,28,2
676,18,8
676,43,1
676,15,2
676,34,4
676,38,6
676,81,7
676,68,0
676,33,2
677,33,4
677,16,9
677,26,9
677,34,9
677,49,9
677,5,2
677,40,9
677,53,9
677,98,9
677,66,8
677,85,9
677,58,5
677,72,7
677,29,7
677,11,9
678,56,6
678,43,6
678,35,4
678,91,9
678,4,6
678,31,6
678,51,8
678,10,7
678,82,9
678,69,6
678,53,6
678,41,6
678,17,3
678,97,7
678,71,6
679,93,4
679,24,0
679,20,5
679,23,7
679,22,3
679,92,0
679,42,7
679,66,0
679,94,6
679,14,0
679,11,4
679,81,3
679,71,4
679,43,2
679,51,5
680,85,2
680,47,5
680,63,0
680,25,9
680,41,2
680,81,6
680,36,2
680,84,2
680,18,2
680,12,2
680,7,2
680,69,2
680,8,2
680,20,2
680,30,2
681,68,2
681,64,6
681,71,3
681,65,6
681,47,6
681,31,6
681,74,6
681,22,6
681,24,0
681,88,6
681,3,6
681,67,8
681,57,6
681,97,0
681,60,6
682,76,6
682,82,9
682,99,4
682,2,4
682,52,7
682,61,9
682,67,4
682,83,8
682,75,2
682,1,8
682,87,3
682,29,9
682,7,4
682,63,4
683,47,4
683,88,7
683,22,6
683,1,4
683,48,7
683,21,4
683,82,7
683,62,5
683,68,7
683,40,4
683,45,8
683,77,7
683,71,2
683,92,7
683,0,7
684,22,8
684,45,1
684,79,1
684,13,1
684,76,1
684,73,8
684,61,1
684,85,1
684,71,1
684,10,9
684,4,1
684,94,8
684,34,8
684,35,1
685,44,1
685,20,9
685,30,2
685,96,2
685,54,2
685,69,2
685,91,2
685,75,2
685,4,6
685,73,2
685,52,2
685,19,3
685,77,3
685,17,8
686,22,1
686,83,2
686,92,3
686,33,0
686,0,1
686,98,1
686,12,1
686,34,8
686,55,1
686,90,0
686,95,3
686,15,8
686,77,1
686,79,1
686,85,6
687,63,3
687,7,3
687,61,3
687,90,3
687,12,3
687,40,1
687,94,4
687,49,3
687,30,1
687,85,6
687,51,3
687,15,7
687,3,3
688,58,5
688,17,3
688,19,3
688,93,6
688,76,7
688,41,5
688,64,5
688,11,5
688,42,1
688,74,3
688,50,5
688,87,9
688,30,3
688,8,5
688,67,5
689,0,6
689,79,6
689,92,3
689,16,2
689,80,5
689,85,6
689,72,0
689,32,5
689,70,0
689,53,9
689,31,6
689,9,6
689,8,8
689,54,9
689,69,6
690,55,1
690,31,1
690,86,9
690,97,5
690,61,1
690,20,3
690,58,1
690,17,6
690,11,1
690,67,1
690,75,1
690,35,1
690,79,7
691,95,7
691,57,2
691,45,6
691,0,5
691,86,2
691,56,6
691,82,7
691,46,6
691,65,6
691,54,9
691,29,6
691,81,9
691,72,1
691,71,3
691,39,9
692,18,0
692,41,0
692,28,0
692,93,0
692,40,9
692,90,0
692,35,5
692,50,1
692,79,5
692,96,0
692,61,8
692,47,5
693,89,7
693,76,7
693,55,7
693,81,7
693,72,3
693,66,0
693,19,9
693,13,4
693,45,2
693,4,7
693,61,9
693,64,7
693,65,5
694,59,6
694,69,1
694,6,1
694,97,1
694,95,7
694,36,5
694,78,1
694,67,7
694,68,5
694,72,1
694,37,3
694,25,2
694,86,1
694,13,2
694,14,3
695,65,7
695,50,5
695,45,9
695,86,1
695,0,0
695,88,1
695,72,8
695,52,0
695,8,3
695,4,1
695,28,0
695,30,1
695,75,1
696,44,9
696,52,4
696,13,8
696,87,4
696,42,8
696,69,8
696,83,1
696,93,8
696,17,8
696,4,8
696,48,8
696,34,9
696,26,1
697,43,6
697,27,2
697,31,6
697,42,6
697,51,6
697,60,4
697,72,6
697,74,9
697,87,5
697,75,7
697,6,0
697,40,6
697,91,6
698,71,7
698,50,2
698,91,4
698,94,7
698,47,7
698,60,7
698,45,7
698,3,7
698,90,7
698,67,4
698,9,7
698,69,7
698,21,8
698,12,7
699,62,3
699,79,5
699,98,0
699,74,5
699,13,4
699,23,5
699,9,2
699,95,5
699,6,0
699,96,1
699,76,3
699,97,8
699,12,5
699,54,5
700,36,6
700,45,6
700,37,6
700,5,6
700,39,6
700,22,5
700,84,1
700,15,6
700,95,5
700,94,9
700,66,4
700,48,6
700,11,6
700,90,2
701,22,8
701,9,5
701,28,5
701,60,3
701,20,2
701,27,5
701,80,8
701,39,5
701,37,1
701,8,2
701,79,8
701,61,4
701,81,9
701,99,6
702,49,1
702,47,1
702,75,9
702,63,7
702,32,0
702,64,1
702,71,4
702,38,1
702,12,1
702,15,4
702,86,8
702,4,5
702,9,3
703,3,5
703,34,5
703,25,5
703,92,5
703,70,7
703,31,5
703,97,6
703,38,0
703,40,5
703,53,9
703,59,9
703,98,5
703,27,5
703,52,5
703,20,7
704,17,8
704,64,8
704,50,5
704,4,8
704,41,9
704,88,8
704,46,8
704,9,3
704,66,4
704,32,8
704,83,6
704,54,3
704,68,8
704,8,8
705,95,8
705,51,9
705,43,0
705,92,0
705,85,0
705,61,4
705,30,2
705,83,0
705,91,8
705,39,0
705,55,1
705,65,0
705,80,0
705,28,4
706,63,8
706,47,8
706,7,7
706,9,4
706,97,8
706,81,2
706,0,8
706,27,8
706,48,8
706,68,2
706,92,8
706,64,8
706,84,8
706,80,5
707,15,3
707,66,3
707,84,3
707,44,6
707,94,5
707,1,2
707,54,9
707,74,2
707,25,3
707,78,9
707,95,7
707,51,8
707,69,3
707,6,8
707,27,3
708,35,2
708,16,1
708,55,8
708,25,1
708,3,1
708,32,0
708,21,1
708,9,2
708,13,1
708,38,6
708,73,1
708,1,1
709,68,6
709,43,2
709,9,2
709,10,1
709,89,2
709,45,8
709,69,2
709,84,4
709,94,2
709,53,3
709,74,4
709,16,7
709,52,2
710,9,1
710,96,3
710,19,3
710,95,0
710,53,6
710,57,9
710,82,3
710,26,8
710,29,3
710,50,7
710,47,2
710,12,1
710,20,7
710,94,7
710,79,3
711,45,7
711,28,2
711,64,2
711,93,2
711,3,2
711,46,3
711,58,5
711,38,4
711,60,9
711,94,1
711,1,2
711,50,4
711,74,3
711,66,2
712,87,3
712,68,0
712,42,5
712,16,4
712,67,5
712,75,1
712,8,1
712,34,6
712,25,3
712,76,7
712,12,6
712,71,4
712,7,1
712,2,1
713,34,9
713,25,9
713,67,0
713,10,1
713,47,1
713,27,1
713,5,9
713,16,4
713,39,4
713,3,1
713,20,7
713,95,9
713,81,4
713,49,3
713,45,2
714,4,2
714,19,2
714,80,0
714,32,2
714,15,3
714,17,2
714,59,2
714,42,2
714,65,4
714,88,2
714,73,2
714,81,4
714,71,2
714,40,8
715,79,3
715,20,0
715,4,3
715,69,3
715,7,3
715,17,1
715,70,3
715,68,2
715,16,8
715,0,3
715,87,0
715,19,6
715,56,3
716,10,9
716,39,5
716,86,9
716,48,5
716,32,0
716,82,5
716,94,8
716,56,5
716,2,5
716,71,2
716,22,5
716,45,5
716,37,6
716,64,5
717,32,0
717,56,2
717,16,2
717,94,6
717,63,2
717,17,2
717,44,3
717,37,2
717,26,2
717,3,6
717,96,0
717,20,7
717,48,2
717,29,2
718,92,6
718,76,8
718,15,3
718,19,3
718,5,8
718,68,2
718,59,8
718,48,1
718,24,8
718,17,0
718,40,8
718,1,8
718,32,8
719,29,5
719,15,4
719,81,5
719,91,9
719,84,5
719,96,2
719,28,5
719,39,7
719,67,5
719,38,0
719,7,5
719,16,5
719,9,5
719,48,5
720,94,6
720,27,0
720,32,6
720,46,6
720,7,6
720,99,7
720,86,8
720,77,0
720,48,6
720,23,7
720,56,8
720,87,7
720,73,8
720,29,6
720,55,6
721,21,4
721,50,0
721,85,0
721,56,0
721,37,5
721,48,0
721,84,0
721,93,0
721,92,7
721,72,0
721,73,7
721,89,0
721,3,0
721,34,4
722,44,3
722,68,3
722,95,9
722,80,7
722,50,6
722,47,3
722,62,9
722,56,3
722,81,5
722,16,7
722,15,3
722,1,3
722,96,3
722,99,9
722,64,3
723,23,7
723,31,3
723,91,7
723,19,7
723,28,7
723,87,7
723,26,0
723,74,5
723,83,0
723,2,7
723,44,6
723,21,7
723,95,7
723,17,7
723,34,7
724,99,6
724,79,5
724,82,9
724,37,6
724,93,6
724,39,6
724,70,7
724,53,6
724,87,5
724,61,1
724,63,6
724,86,6
724,32,6
724,11,6
725,79,8
725,70,9
725,71,8
725,85,9
725,12,9
725,19,4
725,9,9
725,88,9
725,68,9
725,50,5
725,75,9
725,98,9
725,28,3
725,87,9
725,35,3
726,50,3
726,72,7
726,90,3
726,20,3
726,48,3
726,54,1
726,70,9
726,7,5
726,11,4
726,61,6
726,33,3
726,14,7
726,18,4
726,81,3
726,9,3
727,76,7
727,23,4
727,40,7
727,25,7
727,43,0
727,53,0
727,92,7
727,28,7
727,27,7
727,63,7
727,69,7
727,36,1
727,48,7
727,66,7
728,8,8
728,35,7
728,42,4
728,90,2
728,39,0
728,14,4
728,64,0
728,51,7
728,94,7
728,5,4
728,18,8
728,2,0
728,92,0
728,17,0
729,64,3
729,58,6
729,80,1
729,72,0
729,63,1
729,11,3
729,70,9
729,40,5
729,30,6
729,67,3
729,50,6
730,59,7
730,10,6
730,61,9
730,53,7
730,70,7
730,96,7
730,84,5
730,72,5
730,95,7
730,18,5
730,15,9
730,68,8
730,98,7
730,4,7
731,8,3
731,82,3
731,99,0
731,49,0
731,60,0
731,61,0
731,47,0
731,74,9
731,98,0
731,93,0
731,79,5
731,94,3
731,17,2
731,41,0
732,12,8
732,73,4
732,72,3
732,67,3
732,84,3
732,25,3
732,29,3
732,30,3
732,71,6
732,32,3
732,7,0
732,23,8
732,77,3
733,68,7
733,84,7
733,30,7
733,54,7
733,71,0
733,42,7
733,32,6
733,15,7
733,91,7
733,74,5
733,79,2
733,5,7
733,36,7
734,35,5
734,90,8
734,29,8
734,74,5
734,94,8
734,24,8
734,49,8
734,0,8
734,68,2
734,34,2
734,80,9
734,17,8
734,38,8
734,11,8
735,33,4
735,48,4
735,65,9
735,15,4
735,47,5
735,7,4
735,62,1
735,89,2
735,39,4
735,73,0
735,14,9
735,27,2
735,12,4
735,79,1
735,5,5
736,38,1
736,88,9
736,58,5
736,7,7
736,34,9
736,29,3
736,89,3
736,28,9
736,3,2
736,9,2
736,48,9
736,94,9
736,31,9
736,95,7
736,50,9
737,0,2
737,43,7
737,47,7
737,55,2
737,16,2
737,57,2
737,2,2
737,42,6
737,53,2
737,56,7
737,59,8
737,94,8
737,97,2
737,92,2
737,14,8
738,42,7
738,55,8
738,58,2
738,46,3
738,68,3
738,87,3
738,0,3
738,5,3
738,37,3
738,4,3
738,40,0
738,74,7
738,67,2
738,50,6
739,30,6
739,27,4
739,49,9
739,76,9
739,24,1
739,97,4
739,59,1
739,74,6
739,73,3
739,29,1
739,80,2
739,8,8
739,99,1
739,47,1
739,34,4
740,27,6
740,54,8
740,72,3
740,61,4
740,57,1
740,5,3
740,15,3
740,77,3
740,45,6
740,51,3
740,94,4
740,63,3
740,90,0
740,62,3
740,30,3
741,2,8
741,60,8
741,56,8
741,27,8
741,73,1
741,97,2
741,6,0
741,18,1
741,95,5
741,10,8
741,36,3
741,54,1
741,35,7
741,46,8
741,80,2
742,78,3
742,21,8
742,48,1
742,38,1
742,20,7
742,86,5
742,8,9
742,32,1
742,4,1
742,46,1
742,33,1
742,71,6
742,27,3
742,95,1
743,94,6
743,22,4
743,16,5
743,8,5
743,57,7
743,61,7
743,46,7
743,76,7
743,39,9
743,14,7
743,48,7
743,21,5
743,24,7
743,56,5
743,89,7
744,71,8
744,99,8
744,89,8
744,62,8
744,9,1
744,7,8
744,35,5
744,69,8
744,74,3
744,42,8
744,27,8
744,58,3
744,92,3
744,14,1
745,74,0
745,80,9
745,81,0
745,33,0
745,36,4
745,66,0
745,92,5
745,75,1
745,5,0
745,76,0
745,9,5
745,58,0
745,7,3
745,53,3
746,69,9
746,4,9
746,9,9
746,74,5
746,3,4
746,39,9
746,72,2
746,99,3
746,40,5
746,30,9
746,47,0
746,13,9
746,71,9
747,19,3
747,73,3
747,47,8
747,94,3
747,83,3
747,43,3
747,69,0
747,44,4
747,74,3
747,97,5
747,65,9
747,71,0
747,77,3
748,20,9
748,86,2
748,50,9
748,41,9
748,8,2
748,29,9
748,64,9
748,78,9
748,66,2
748,61,5
748,5,9
748,24,9
748,98,9
748,39,9
749,40,6
749,3,3
749,29,3
749,9,7
749,62,8
749,68,8
749,5,8
749,79,3
749,60,4
749,37,1
749,64,8
749,10,3
749,67,3
749,84,9
750,57,4
750,88,4
750,70,4
750,77,3
750,73,4
750,59,4
750,72,4
750,21,0
750,86,9
750,3,2
750,10,4
750,6,1
750,63,5
751,45,8
751,91,7
751,59,0
751,74,8
751,20,9
751,40,5
751,61,8
751,34,8
751,15,9
751,49,8
751,35,5
751,13,6
751,71,4
751,66,8
751,17,3
752,21,8
752,56,8
752,53,1
752,84,3
752,0,8
752,90,9
752,95,9
752,28,8
752,25,1
752,65,8
752,17,7
752,20,5
752,99,1
752,19,2
753,57,2
753,82,8
753,4,0
753,25,0
753,17,4
753,67,0
753,18,0
753,80,6
753,62,0
753,85,6
753,10,6
753,95,1
753,39,0
753,32,2
753,93,0
754,27,3
754,40,0
754,80,2
754,88,8
754,58,7
754,48,7
754,59,7
754,30,6
754,15,3
754,34,6
754,56,2
754,37,7
754,76,6
754,11,0
754,66,2
755,12,8
755,57,5
755,76,7
755,45,5
755,38,5
755,48,0
755,3,5
755,16,0
755,39,5
755,13,5
755,87,5
755,36,5
755,97,8
755,80,4
755,37,5
756,96,5
756,59,5
756,40,5
756,98,5
756,5,5
756,33,5
756,20,5
756,42,7
756,13,1
756,15,5
756,49,8
756,91,5
756,0,9
757,97,6
757,32,6
757,63,1
757,76,8
757,16,4
757,42,6
757,48,6
757,30,3
757,23,0
757,72,5
757,5,0
757,17,4
757,89,6
757,64,6
757,46,6
758,6,9
758,28,5
758,66,6
758,2,6
758,63,6
758,52,0
758,16,0
758,61,6
758,92,5
758,39,6
758,4,6
758,53,6
758,47,2
759,51,3
759,10,3
759,38,8
759,54,0
759,4,3
759,48,9
759,55,3
759,37,3
759,16,8
759,22,5
759,59,3
759,29,3
759,17,6
759,1,3
759,40,3
760,12,2
760,99,6
760,55,1
760,45,6
760,94,1
760,52,6
760,49,8
760,56,7
760,42,5
760,2,1
760,22,1
760,68,6
760,31,1
760,20,8
761,94,6
761,95,6
761,54,1
761,79,6
761,66,2
761,1,3
761,38,4
761,19,5
761,43,6
761,86,6
761,92,6
761,77,2
762,88,3
762,24,3
762,44,3
762,61,6
762,48,3
762,10,2
762,16,3
762,74,1
762,72,3
762,15,3
762,29,3
762,21,4
762,98,3
762,68,6
763,54,3
763,83,7
763,38,7
763,73,7
763,49,3
763,29,7
763,81,2
763,1,8
763,50,7
763,72,6
763,35,5
763,58,6
763,64,7
763,84,9
763,33,7
764,26,2
764,16,8
764,17,0
764,40,2
764,83,3
764,13,2
764,88,2
764,86,2
764,30,7
764,53,2
764,9,7
764,96,2
764,93,2
764,37,0
765,88,1
765,11,4
765,42,3
765,67,0
765,50,6
765,53,6
765,22,6
765,35,6
765,34,4
765,25,7
765,55,9
765,69,6
765,7,6
766,77,6
766,31,2
766,55,9
766,88,2
766,76,6
766,97,5
766,62,2
766,14,8
766,20,1
766,82,0
766,28,2
766,65,2
766,53,0
766,36,0
766,80,2
767,1,6
767,33,9
767,55,5
767,10,9
767,6,2
767,37,1
767,44,2
767,26,5
767,19,7
767,57,2
767,97,6
767,86,2
767,36,7
767,29,0
768,48,1
768,44,1
768,57,4
768,47,8
768,99,1
768,6,8
768,10,7
768,29,8
768,42,1
768,30,7
768,12,0
768,87,8
768,51,1
768,70,9
768,17,0
769,29,3
769,94,4
769,57,8
769,68,1
769,17,0
769,47,3
769,86,8
769,71,9
769,38,0
769,19,0
769,2,5
769,0,0
769,97,1
769,91,1
770,81,7
770,97,9
770,75,9
770,8,1
770,83,5
770,48,0
770,28,9
770,2,9
770,80,2
770,45,3
770,19,1
770,47,9
770,49,9
770,60,7
771,89,3
771,18,2
771,98,1
771,93,8
771,0,1
771,35,2
771,69,1
771,17,5
771,85,2
771,57,1
771,11,1
771,81,1
771,40,1
771,8,1
772,38,3
772,29,1
772,93,9
772,84,3
772,41,3
772,22,3
772,92,3
772,42,3
772,91,3
772,60,7
772,44,3
772,61,3
772,18,3
773,98,5
773,45,4
773,62,8
773,77,8
773,2,0
773,65,8
773,39,8
773,44,2
773,20,7
773,31,8
773,66,6
773,37,8
773,75,8
773,91,8
774,14,1
774,28,4
774,58,8
774,24,8
774,77,1
774,74,4
774,73,6
774,18,8
774,40,4
774,27,1
774,66,8
774,5,8
774,90,4
774,76,8
775,68,6
775,91,1
775,99,2
775,6,2
775,86,6
775,97,8
775,5,8
775,41,4
775,13,5
775,87,6
775,33,5
775,38,0
775,54,6
775,57,6
775,25,4
776,20,0
776,93,0
776,60,7
776,62,5
776,69,0
776,70,0
776,41,8
776,84,8
776,83,5
776,13,0
776,35,1
776,25,0
776,61,6
777,36,8
777,23,4
777,80,8
777,98,5
777,65,0
777,27,6
777,30,9
777,63,0
777,18,8
777,17,5
777,50,5
777,91,2
777,9,1
778,98,4
778,12,4
778,71,4
778,54,3
778,56,4
778,50,4
778,66,4
778,42,6
778,43,0
778,28,4
778,18,1
778,9,4
778,39,4
779,70,6
779,1,3
779,87,1
779,44,4
779,65,9
779,7,9
779,42,9
779,25,5
779,82,7
779,93,9
779,32,7
779,71,1
780,88,1
780,75,1
780,27,5
780,58,1
780,84,1
780,31,3
780,63,1
780,32,1
780,35,7
780,10,7
780,66,1
780,44,3
780,59,0
780,77,0
780,7,1
781,67,1
781,57,4
781,38,6
781,3,4
781,28,3
781,52,6
781,92,0
781,43,6
781,15,6
781,8,3
781,76,3
781,44,6
781,10,1
781,72,6
781,48,0
782,16,4
782,93,6
782,38,7
782,87,8
782,55,7
782,34,3
782,6,7
782,98,6
782,22,2
782,51,6
782,45,6
782,14,4
782,77,5
782,52,1
782,46,7
783,0,8
783,97,8
783,53,8
783,65,0
783,35,4
783,87,3
783,8,9
783,91,8
783,4,8
783,99,3
783,13,8
783,10,7
783,80,8
783,57,9
784,1,2
784,37,0
784,46,9
784,52,2
784,31,7
784,9,7
784,91,7
784,71,7
784,85,7
784,92,7
784,25,5
784,76,2
784,16,3
784,17,7
785,86,6
785,12,4
785,41,1
785,44,0
785,81,2
785,58,1
785,47,6
785,75,6
785,54,0
785,15,6
785,84,5
785,60,9
785,24,6
785,79,6
785,19,0
786,52,0
786,22,6
786,23,7
786,77,9
786,67,7
786,72,4
786,88,7
786,84,1
786,41,9
786,6,0
786,4,7
786,18,1
786,17,3
786,54,7
786,73,7
787,53,7
787,42,5
787,80,2
787,2,5
787,93,2
787,71,6
787,48,2
787,59,1
787,49,2
787,21,2
787,57,2
787,18,6
787,33,5
788,24,8
788,16,1
788,65,5
788,92,2
788,19,6
788,71,1
788,54,2
788,67,2
788,83,2
788,61,8
788,66,2
788,68,7
788,99,2
788,12,0
789,91,0
789,51,0
789,2,0
789,78,0
789,77,0
789,69,0
789,3,3
789,24,6
789,75,3
789,1,9
789,25,0
789,94,6
789,20,9
789,92,1
790,33,7
790,80,2
790,55,4
790,36,2
790,39,2
790,67,2
790,46,2
790,82,9
790,89,0
790,70,2
790,93,2
790,74,8
790,3,9
790,15,3
791,1,7
791,95,4
791,82,5
791,2,9
791,97,3
791,54,7
791,78,9
791,84,9
791,48,9
791,47,9
791,12,9
791,83,9
791,68,1
791,58,9
792,62,9
792,57,2
792,80,3
792,36,8
792,73,0
792,19,2
792,81,2
792,11,2
792,16,0
792,59,1
792,12,2
792,69,2
792,64,2
793,88,5
793,13,5
793,44,7
793,37,9
793,31,5
793,49,5
793,26,5
793,64,5
793,97,6
793,59,5
793,2,5
793,79,5
794,85,9
794,30,1
794,4,6
794,21,9
794,56,8
794,89,1
794,96,1
794,11,1
794,77,6
794,37,2
794,69,9
794,59,1
794,42,1
795,18,4
795,26,4
795,33,2
795,97,2
795,87,3
795,16,6
795,52,6
795,60,4
795,62,4
795,40,3
795,15,0
795,0,1
795,11,7
795,13,4
796,44,0
796,76,2
796,37,7
796,73,3
796,38,7
796,53,0
796,84,1
796,7,0
796,85,9
796,95,0
796,36,0
796,56,9
797,78,1
797,11,1
797,19,3
797,26,0
797,35,1
797,15,0
797,72,1
797,77,5
797,58,9
797,70,1
797,52,1
797,4,9
797,22,7
797,92,1
798,55,0
798,1,8
798,21,8
798,5,0
798,7,8
798,78,5
798,49,9
798,63,8
798,29,8
798,33,7
798,89,8
798,10,8
798,11,8
798,90,8
799,74,4
799,28,4
799,80,3
799,88,4
799,10,4
799,51,4
799,46,9
799,7,4
799,67,4
799,23,4
799,37,2
799,36,4
800,43,9
800,93,5
800,42,5
800,59,5
800,17,8
800,7,5
800,8,2
800,32,1
800,91,0
800,39,7
800,4,0
800,44,7
800,72,3
800,18,7
800,40,0
801,42,1
801,60,1
801,30,2
801,66,4
801,91,2
801,74,2
801,3,3
801,40,1
801,14,2
801,82,6
801,13,2
801,45,2
801,25,3
801,23,2
802,69,6
802,52,0
802,30,7
802,10,0
802,87,3
802,33,0
802,1,3
802,58,0
802,71,5
802,76,0
802,91,0
802,51,9
802,29,9
802,54,0
802,70,0
803,89,1
803,16,1
803,65,0
803,37,3
803,52,1
803,42,4
803,95,1
803,23,1
803,82,4
803,31,1
803,51,1
803,53,1
803,87,1
804,27,5
804,71,9
804,2,5
804,90,5
804,17,5
804,36,5
804,22,5
804,93,5
804,56,5
804,88,6
804,67,8
804,12,5
804,63,0
804,97,5
805,26,1
805,38,5
805,37,5
805,1,5
805,77,5
805,45,5
805,18,5
805,76,5
805,24,5
805,91,2
805,44,2
805,88,3
805,75,5
805,42,0
805,66,2
806,53,0
806,40,1
806,99,1
806,16,0
806,82,7
806,83,0
806,34,3
806,1,1
806,5,0
806,7,1
806,65,8
806,66,6
806,61,6
806,64,6
806,96,1
807,88,6
807,9,4
807,72,6
807,98,4
807,61,5
807,67,4
807,45,4
807,94,8
807,31,4
807,43,4
807,65,8
807,58,3
807,5,1
807,35,4
807,64,4
808,97,6
808,8,9
808,69,6
808,20,4
808,67,9
808,7,0
808,43,6
808,40,6
808,44,6
808,66,6
808,96,1
808,15,6
808,39,6
809,48,8
809,87,7
809,61,9
809,62,9
809,22,2
809,74,1
809,95,9
809,53,9
809,96,9
809,86,9
809,68,9
809,39,9
809,54,5
809,42,9
809,89,9
810,17,3
810,58,3
810,97,1
810,75,1
810,2,1
810,39,8
810,78,7
810,19,1
810,8,9
810,12,8
810,68,1
810,37,1
810,18,1
810,82,2
811,63,3
811,9,1
811,93,8
811,59,3
811,33,1
811,71,7
811,2,8
811,42,7
811,20,9
811,85,8
811,96,8
811,29,8
811,38,8
811,27,5
811,75,8
812,86,5
812,16,4
812,26,5
812,63,4
812,56,5
812,71,6
812,9,9
812,99,6
812,14,5
812,62,5
812,80,5
812,4,5
812,24,5
812,48,5
812,68,5
813,87,5
813,64,5
813,46,5
813,79,9
813,24,5
813,21,2
813,66,5
813,67,5
813,95,0
813,65,4
813,62,5
813,75,4
813,85,9
813,15,5
814,40,9
814,29,2
814,11,6
814,63,6
814,22,6
814,6,6
814,69,9
814,58,5
814,54,6
814,50,6
814,70,2
814,48,6
814,33,1
814,66,6
815,77,5
815,15,2
815,17,2
815,18,7
815,38,2
815,82,6
815,80,2
815,32,2
815,26,4
815,84,8
815,53,2
815,94,3
815,86,2
815,54,2
815,50,2
816,12,3
816,9,3
816,80,7
816,97,0
816,29,5
816,3,2
816,25,0
816,91,7
816,73,7
816,78,3
816,27,9
816,30,0
817,4,5
817,39,3
817,50,5
817,48,5
817,41,1
817,72,9
817,78,5
817,8,5
817,53,7
817,5,7
817,34,0
817,33,9
817,42,9
818,5,0
818,85,4
818,71,4
818,86,6
818,92,4
818,1,7
818,40,4
818,39,4
818,88,7
818,57,4
818,11,0
818,4,4
818,48,4
818,24,5
818,42,4
819,45,1
819,65,1
819,57,7
819,11,1
819,61,1
819,55,8
819,89,4
819,24,1
819,0,6
819,78,1
819,30,4
819,25,4
819,7,7
820,56,3
820,86,5
820,63,3
820,96,8
820,94,1
820,19,3
820,54,0
820,62,3
820,18,3
820,36,3
820,58,3
820,92,4
820,24,3
821,22,2
821,60,2
821,65,2
821,80,2
821,49,3
821,64,2
821,2,2
821,26,2
821,99,3
821,91,0
821,92,0
821,61,6
821,20,3
821,46,2
822,39,8
822,49,2
822,21,0
822,47,2
822,34,2
822,9,2
822,8,2
822,27,9
822,60,7
822,67,4
822,79,1
822,12,2
823,94,5
823,48,5
823,24,5
823,58,2
823,72,5
823,77,2
823,7,3
823,11,2
823,81,5
823,85,5
823,97,9
823,33,6
823,78,4
824,78,3
824,89,4
824,77,9
824,93,4
824,18,4
824,50,4
824,79,1
824,11,2
824,62,4
824,91,4
824,71,7
824,3,8
824,57,5
824,42,0
825,25,4
825,41,1
825,92,1
825,60,8
825,80,1
825,16,0
825,79,5
825,91,3
825,57,0
825,43,7
825,3,9
825,88,1
825,36,7
826,49,8
826,19,6
826,52,9
826,11,3
826,29,2
826,2,2
826,22,2
826,23,2
826,17,2
826,85,2
826,43,0
826,53,2
826,90,3
826,27,1
826,95,2
827,23,3
827,54,3
827,20,0
827,55,3
827,62,5
827,27,0
827,84,5
827,13,2
827,22,7
827,75,7
827,43,5
827,97,5
827,48,5
827,44,5
828,83,3
828,64,2
828,18,0
828,62,8
828,46,2
828,63,3
828,2,2
828,21,2
828,24,2
828,25,8
828,73,7
828,13,9
828,29,7
828,1,1
828,91,0
829,64,4
829,93,4
829,46,4
829,31,4
829,58,5
829,73,2
829,56,5
829,50,8
829,76,4
829,90,2
829,66,4
829,40,8
829,4,4
829,34,1
829,9,4
830,5,8
830,62,3
830,69,9
830,13,7
830,29,9
830,25,9
830,11,8
830,34,0
830,54,0
830,22,9
830,81,2
830,56,9
830,93,9
831,9,0
831,1,8
831,73,8
831,14,2
831,39,6
831,15,0
831,85,2
831,32,8
831,25,9
831,64,8
831,79,9
831,50,4
831,35,9
831,70,6
831,57,8
832,55,1
832,3,4
832,65,0
832,83,2
832,88,4
832,93,6
832,6,6
832,7,1
832,97,0
832,46,0
832,95,0
832,59,7
832,54,2
832,66,3
832,40,2
833,43,4
833,82,7
833,37,6
833,50,7
833,42,4
833,57,7
833,63,9
833,32,6
833,60,2
833,31,7
833,22,7
833,79,5
833,84,4
833,11,1
834,88,6
834,66,8
834,31,9
834,80,1
834,79,1
834,0,1
834,95,4
834,26,5
834,83,5
834,50,0
834,99,1
834,44,1
834,21,8
834,27,5
834,19,1
835,18,1
835,66,6
835,27,6
835,68,6
835,96,6
835,51,4
835,75,6
835,53,6
835,36,6
835,81,6
835,67,6
835,77,9
835,9,6
835,70,5
836,95,3
836,37,3
836,44,4
836,21,7
836,33,2
836,45,9
836,1,1
836,87,3
836,88,3
836,52,9
836,50,3
836,22,2
836,66,2
836,97,3
837,43,0
837,40,8
837,90,5
837,4,5
837,74,4
837,71,9
837,21,5
837,22,3
837,57,5
837,39,5
837,0,5
837,44,5
838,95,9
838,69,9
838,88,9
838,8,4
838,6,6
838,21,4
838,82,8
838,45,7
838,50,3
838,24,9
838,68,2
838,44,6
838,77,4
838,36,9
839,50,7
839,90,0
839,88,5
839,24,5
839,76,9
839,34,8
839,96,7
839,61,7
839,99,5
839,45,2
839,56,5
839,92,3
839,8,5
839,7,5
840,21,2
840,98,3
840,83,2
840,82,1
840,62,5
840,28,2
840,56,2
840,36,2
840,13,0
840,51,4
840,45,8
840,63,2
840,37,2
840,53,2
841,98,9
841,24,1
841,49,6
841,50,3
841,5,9
841,87,0
841,22,1
841,36,4
841,43,4
841,72,4
841,96,1
841,34,5
841,21,9
841,73,4
841,94,9
842,17,7
842,7,7
842,59,7
842,60,7
842,47,7
842,53,6
842,8,4
842,96,7
842,51,2
842,45,3
842,89,7
842,46,7
842,74,7
842,86,7
843,41,0
843,67,0
843,97,0
843,9,6
843,6,0
843,1,6
843,59,4
843,39,6
843,99,3
843,44,0
843,33,0
843,21,0
843,13,3
844,12,9
844,63,3
844,53,3
844,1,3
844,36,5
844,83,3
844,64,3
844,72,8
844,56,3
844,43,3
844,79,8
844,34,3
844,42,5
844,66,3
844,67,3
845,80,6
845,12,6
845,71,6
845,90,0
845,61,0
845,78,7
845,28,8
845,23,9
845,10,1
845,16,0
845,6,0
845,42,9
845,25,0
845,92,0
846,12,7
846,65,9
846,74,2
846,23,7
846,95,7
846,57,7
846,7,3
846,46,7
846,70,4
846,30,7
846,34,4
846,97,3
846,99,7
846,36,8
846,28,7
847,40,6
847,57,8
847,22,9
847,41,6
847,50,8
847,1,7
847,39,1
847,97,7
847,13,7
847,5,6
847,60,9
847,11,5
847,63,7
847,33,7
847,15,7
848,72,2
848,84,7
848,43,6
848,1,4
848,8,4
848,15,4
848,87,2
848,7,4
848,70,9
848,51,4
849,48,2
849,15,2
849,82,8
849,55,1
849,6,3
849,43,2
849,22,3
849,57,7
849,25,2
849,96,2
849,37,8
849,4,2
849,62,2
849,97,0
850,11,1
850,4,4
850,49,9
850,81,4
850,33,3
850,24,7
850,46,4
850,74,4
850,55,4
850,96,0
850,28,4
850,34,2
850,78,4
850,77,4
850,42,9
851,57,2
851,82,2
851,88,3
851,93,0
851,98,8
851,28,3
851,50,0
851,22,3
851,54,2
851,44,5
851,34,9
851,83,3
851,80,3
851,20,3
852,67,1
852,3,4
852,14,9
852,80,0
852,50,7
852,55,8
852,71,8
852,37,1
852,34,8
852,42,3
852,32,7
852,87,3
852,77,8
853,7,7
853,12,3
853,42,3
853,62,8
853,68,5
853,77,7
853,46,7
853,94,6
853,32,7
853,96,7
853,35,7
853,95,7
853,24,8
854,70,3
854,53,0
854,6,1
854,11,3
854,39,3
854,62,3
854,34,7
854,85,3
854,0,3
854,16,4
854,67,3
854,49,5
854,78,0
855,34,8
855,68,5
855,23,0
855,65,4
855,75,3
855,63,8
855,20,1
855,96,1
855,86,7
855,50,8
855,46,5
855,73,8
855,48,3
855,15,8
855,62,5
856,52,1
856,53,8
856,47,8
856,89,8
856,41,6
856,73,4
856,78,1
856,75,4
856,17,8
856,15,8
856,88,8
856,33,4
856,92,1
856,65,0
857,30,9
857,60,4
857,41,9
857,4,8
857,11,2
857,15,2
857,38,8
857,25,8
857,53,1
857,36,2
857,62,8
857,61,3
857,64,8
857,59,8
858,46,7
858,15,7
858,84,7
858,37,7
858,33,7
858,16,7
858,98,6
858,34,5
858,71,0
858,92,8
858,57,8
858,0,7
858,99,0
858,17,7
859,52,9
859,73,0
859,29,9
859,80,4
859,93,3
859,10,9
859,53,9
859,71,9
859,1,7
859,79,0
859,87,6
859,56,7
859,58,6
859,84,6
859,76,9
860,81,9
860,89,9
860,77,9
860,17,8
860,79,8
860,39,9
860,37,8
860,16,3
860,75,8
860,0,8
860,93,8
860,28,8
860,5,3
861,32,6
861,67,6
861,45,6
861,93,6
861,95,6
861,81,5
861,64,4
861,46,3
861,89,1
861,2,6
861,55,6
861,73,4
861,91,7
861,15,6
862,90,4
862,22,9
862,29,2
862,35,4
862,20,4
862,27,8
862,69,4
862,33,4
862,66,4
862,56,4
862,21,4
862,60,3
862,74,1
862,0,4
863,72,4
863,69,4
863,60,4
863,51,4
863,12,1
863,74,6
863,87,0
863,19,8
863,24,7
863,68,4
863,83,5
863,48,4
863,36,4
863,99,4
864,69,6
864,70,2
864,93,6
864,16,6
864,76,8
864,30,6
864,78,6
864,14,6
864,55,6
864,46,6
864,0,6
864,73,6
864,61,2
864,41,6
864,3,3
865,13,4
865,28,4
865,96,0
865,8,4
865,0,2
865,25,5
865,22,1
865,94,3
865,49,4
865,15,5
865,38,0
865,41,4
865,83,4
865,57,5
866,54,7
866,13,2
866,24,0
866,73,7
866,93,7
866,52,7
866,31,7
866,42,7
866,99,7
866,77,7
866,50,0
866,80,2
866,97,7
866,84,7
867,71,3
867,70,1
867,17,7
867,52,4
867,60,9
867,97,4
867,7,3
867,46,8
867,95,4
867,62,4
867,77,5
867,64,4
867,51,4
867,6,2
868,88,9
868,42,9
868,30,4
868,32,4
868,14,9
868,34,7
868,81,3
868,95,9
868,27,9
868,53,8
868,94,9
868,47,0
868,96,8
868,36,9
869,99,8
869,53,3
869,76,9
869,93,3
869,37,6
869,22,9
869,69,0
869,83,2
869,7,4
869,40,3
869,24,3
869,28,3
869,14,1
870,44,9
870,83,0
870,31,9
870,88,9
870,63,1
870,33,9
870,65,4
870,51,9
870,89,5
870,69,9
870,14,1
870,48,9
870,35,6
870,72,9
870,18,7
871,27,7
871,43,7
871,48,7
871,80,2
871,82,7
871,47,7
871,84,7
871,24,0
871,54,2
871,57,7
871,67,7
871,5,0
871,86,7
871,78,7
872,48,7
872,57,4
872,52,9
872,28,7
872,16,7
872,95,7
872,35,7
872,14,7
872,73,9
872,59,7
872,93,7
872,63,7
873,15,9
873,67,3
873,88,9
873,39,4
873,97,9
873,93,9
873,25,9
873,12,9
873,56,2
873,80,0
873,19,0
873,36,1
873,69,3
873,47,8
874,54,9
874,8,2
874,75,6
874,58,0
874,9,9
874,43,8
874,3,0
874,10,2
874,45,9
874,0,8
874,37,1
874,15,0
874,30,8
874,53,8
875,97,3
875,74,9
875,21,5
875,45,8
875,10,8
875,88,5
875,94,9
875,25,6
875,73,3
875,18,3
875,87,6
875,70,5
875,72,9
876,79,4
876,20,4
876,35,8
876,29,4
876,62,8
876,10,4
876,14,4
876,8,4
876,31,4
876,81,0
876,84,9
876,19,2
876,48,4
877,87,2
877,66,9
877,84,7
877,29,2
877,65,0
877,3,1
877,37,2
877,52,9
877,48,4
877,2,6
877,46,9
877,92,5
877,91,2
878,14,9
878,27,1
878,38,8
878,58,6
878,11,5
878,98,9
878,49,9
878,76,3
878,60,7
878,55,9
878,35,5
878,92,9
878,85,6
878,79,9
879,9,7
879,59,9
879,57,9
879,44,2
879,34,2
879,62,9
879,26,3
879,17,3
879,18,3
879,45,3
879,84,5
879,2,3
879,85,3
879,55,3
880,69,7
880,99,0
880,52,3
880,89,5
880,18,5
880,77,8
880,39,6
880,20,0
880,91,5
880,31,5
880,65,2
880,85,7
880,14,5
880,35,8
881,63,2
881,94,9
881,1,0
881,27,2
881,42,5
881,49,2
881,26,4
881,91,8
881,25,6
881,43,2
881,85,2
881,22,6
881,32,2
882,4,5
882,16,5
882,14,4
882,96,5
882,73,5
882,60,5
882,74,2
882,85,8
882,27,6
882,79,4
882,83,5
882,94,5
882,44,5
883,3,3
883,45,8
883,87,5
883,26,9
883,32,2
883,19,3
883,82,8
883,42,5
883,67,6
883,10,6
883,88,9
883,73,0
883,76,9
884,31,0
884,62,0
884,15,2
884,70,9
884,45,0
884,3,9
884,96,1
884,36,0
884,0,0
884,24,0
884,28,0
884,73,9
884,33,0
885,49,3
885,10,7
885,92,3
885,34,9
885,32,3
885,83,1
885,89,3
885,54,5
885,36,3
885,95,0
885,18,3
885,16,3
885,37,3
885,71,8
885,48,3
886,76,2
886,6,8
886,18,9
886,1,5
886,92,9
886,75,2
886,31,2
886,64,2
886,22,1
886,59,0
886,70,2
886,30,2
886,72,2
887,32,8
887,62,7
887,47,5
887,31,7
887,93,3
887,92,3
887,88,7
887,73,7
887,21,8
887,44,7
887,46,7
887,24,7
888,3,3
888,12,4
888,65,8
888,96,8
888,73,6
888,51,5
888,64,6
888,20,6
888,47,6
888,69,6
888,2,6
888,21,9
888,8,7
888,66,7
888,85,6
889,27,7
889,55,7
889,87,7
889,63,7
889,23,4
889,82,7
889,45,1
889,29,7
889,41,9
889,92,2
889,17,7
889,14,3
889,58,7
889,74,3
889,90,7
890,74,9
890,69,9
890,20,9
890,79,4
890,14,6
890,32,9
890,17,3
890,44,1
890,36,9
890,51,9
890,93,9
890,46,9
890,54,0
890,53,9
891,3,7
891,13,8
891,79,9
891,82,8
891,31,7
891,25,2
891,7,7
891,69,7
891,19,7
891,68,7
891,5,5
891,36,5
891,35,7
891,8,7
891,81,9
892,1,9
892,12,3
892,74,6
892,96,9
892,43,3
892,42,2
892,16,9
892,98,9
892,88,9
892,79,3
892,32,3
892,33,5
892,85,4
893,35,0
893,36,4
893,75,2
893,68,6
893,96,2
893,33,5
893,64,2
893,23,2
893,40,2
893,53,8
893,94,0
893,61,1
893,12,7
893,63,2
894,14,3
894,11,5
894,83,5
894,97,6
894,55,3
894,98,1
894,90,0
894,53,7
894,36,9
894,30,5
894,62,3
894,8,3
894,92,4
894,84,7
894,32,9
895,98,0
895,61,7
895,42,7
895,96,9
895,64,7
895,24,7
895,46,7
895,99,7
895,10,7
895,23,7
895,18,7
895,48,7
895,82,9
896,64,3
896,45,3
896,14,6
896,38,5
896,30,7
896,33,3
896,88,7
896,35,6
896,37,0
896,58,8
896,10,5
896,50,3
896,56,1
896,41,3
897,6,5
897,56,9
897,72,3
897,18,3
897,92,9
897,98,0
897,7,3
897,77,3
897,0,3
897,11,7
897,19,3
897,29,3
897,37,2
897,12,3
897,24,3
898,5,1
898,81,5
898,24,9
898,20,9
898,15,5
898,7,9
898,16,9
898,99,9
898,69,9
898,76,9
898,91,8
898,83,9
898,12,2
899,87,0
899,61,9
899,22,1
899,90,5
899,18,0
899,48,9
899,7,9
899,98,9
899,68,9
899,80,7
899,79,9
899,12,9
899,75,4
900,86,8
900,23,8
900,70,1
900,77,0
900,95,0
900,14,6
900,27,8
900,58,1
900,39,2
900,85,7
900,68,3
900,1,8
900,79,8
901,3,2
901,33,6
901,61,5
901,26,5
901,59,0
901,38,5
901,55,5
901,24,5
901,23,7
901,60,5
901,87,5
901,17,4
901,18,0
901,86,5
902,20,4
902,34,4
902,48,2
902,89,2
902,77,2
902,81,5
902,96,6
902,14,1
902,30,6
902,38,2
902,50,9
902,88,4
902,63,8
903,40,1
903,89,6
903,27,6
903,2,6
903,19,4
903,56,6
903,16,5
903,52,6
903,12,6
903,60,6
903,57,6
903,14,8
903,5,5
903,65,6
903,78,6
904,44,6
904,22,6
904,71,3
904,2,6
904,76,1
904,12,1
904,57,4
904,54,5
904,56,6
904,91,8
904,28,6
904,48,6
904,24,6
904,50,6
905,16,5
905,55,0
905,33,9
905,97,5
905,49,0
905,38,0
905,30,4
905,58,0
905,12,9
905,19,5
905,67,4
905,63,2
905,47,8
905,11,0
906,67,5
906,93,6
906,44,6
906,66,9
906,18,0
906,40,6
906,39,6
906,63,6
906,82,6
906,92,5
906,71,6
906,77,6
906,37,4
906,62,6
907,19,3
907,10,6
907,96,6
907,71,8
907,39,2
907,88,6
907,82,8
907,33,6
907,23,6
907,29,3
907,11,6
907,32,6
907,67,3
907,8,0
907,75,6
908,57,8
908,88,4
908,29,7
908,4,7
908,90,6
908,97,7
908,81,7
908,79,5
908,73,7
908,45,6
908,9,7
908,10,1
908,12,7
908,78,6
909,57,1
909,52,2
909,14,4
909,47,2
909,11,2
909,70,7
909,3,1
909,63,2
909,26,2
909,16,2
909,2,2
909,79,9
910,53,8
910,25,0
910,61,0
910,40,3
910,20,4
910,68,0
910,27,0
910,79,5
910,33,0
910,37,6
910,76,5
910,65,4
910,81,2
910,77,0
911,89,1
911,38,5
911,74,1
911,2,8
911,5,5
911,17,6
911,31,1
911,98,9
911,96,1
911,19,1
911,93,1
911,29,5
912,80,6
912,54,1
912,3,5
912,48,1
912,17,1
912,30,8
912,53,1
912,37,1
912,29,1
912,4,4
912,59,1
912,71,1
912,77,1
913,31,9
913,35,4
913,8,4
913,89,4
913,94,4
913,81,4
913,82,4
913,56,4
913,25,4
913,57,4
913,4,4
913,99,2
913,79,0
913,76,7
913,27,7
914,70,9
914,65,9
914,46,9
914,75,7
914,24,9
914,28,9
914,5,9
914,62,1
914,74,1
914,18,7
914,37,2
914,40,4
914,57,2
914,85,9
914,99,6
915,35,1
915,31,7
915,94,2
915,46,7
915,25,8
915,2,6
915,15,7
915,34,5
915,65,1
915,86,9
915,47,7
915,23,7
915,33,7
915,89,7
915,56,9
916,40,5
916,0,5
916,83,5
916,48,5
916,23,5
916,44,9
916,99,5
916,15,5
916,27,6
916,75,5
916,74,5
916,73,3
916,69,2
916,13,6
916,26,5
917,75,6
917,76,6
917,95,6
917,66,7
917,40,5
917,97,6
917,9,8
917,81,5
917,20,1
917,78,6
917,56,6
917,51,3
917,26,6
918,17,0
918,32,6
918,69,0
918,31,0
918,48,0
918,38,0
918,72,0
918,24,0
918,40,4
918,21,6
918,49,7
918,81,0
918,73,7
919,92,5
919,18,2
919,58,4
919,47,1
919,26,8
919,12,8
919,30,8
919,9,2
919,81,3
919,54,8
919,10,2
919,87,8
919,15,0
919,93,4
920,8,4
920,14,8
920,97,7
920,50,8
920,39,6
920,17,7
920,91,7
920,69,7
920,51,6
920,37,1
920,92,5
920,73,7
920,7,7
921,6,3
921,37,8
921,39,2
921,82,4
921,9,7
921,30,8
921,90,8
921,69,7
921,4,7
921,34,8
921,84,7
921,45,6
921,80,2
921,13,7
922,16,4
922,46,6
922,29,6
922,50,6
922,27,8
922,4,6
922,87,6
922,21,4
922,45,6
922,19,6
922,47,4
922,15,6
922,12,0
922,28,6
923,35,8
923,96,2
923,24,4
923,90,4
923,6,4
923,25,6
923,51,4
923,42,8
923,68,2
923,87,3
923,69,4
923,23,4
923,53,4
923,57,6
924,25,2
924,89,2
924,23,2
924,87,2
924,22,1
924,64,2
924,61,2
924,36,2
924,32,2
924,8,2
924,40,7
924,39,5
924,71,2
924,78,0
925,46,7
925,22,9
925,15,7
925,93,8
925,77,9
925,23,8
925,8,4
925,63,4
925,86,7
925,84,7
925,89,7
925,69,7
925,90,7
925,59,5
925,61,7
926,41,7
926,79,5
926,96,8
926,26,7
926,75,9
926,64,7
926,93,7
926,50,7
926,66,7
926,2,8
926,57,7
926,0,7
926,35,5
926,39,7
927,17,9
927,42,5
927,5,8
927,57,2
927,69,8
927,8,7
927,28,8
927,40,1
927,91,8
927,1,9
927,33,4
927,10,8
927,50,8
927,54,1
927,58,8
928,82,5
928,54,8
928,58,5
928,18,6
928,70,0
928,46,5
928,12,9
928,71,5
928,74,7
928,27,0
928,37,1
928,86,2
928,59,3
928,80,6
929,26,3
929,44,2
929,71,1
929,30,1
929,34,3
929,35,1
929,9,2
929,63,2
929,12,4
929,72,2
929,14,8
929,81,0
929,42,4
929,2,2
930,20,5
930,26,4
930,67,4
930,80,1
930,86,7
930,82,4
930,94,0
930,55,7
930,87,2
930,98,2
930,51,4
930,42,4
930,11,4
930,92,4
930,61,9
931,36,7
931,44,3
931,42,3
931,86,2
931,34,3
931,3,5
931,73,7
931,83,3
931,98,9
931,6,3
931,5,4
931,31,3
931,51,7
931,76,4
931,9,0
932,20,6
932,93,6
932,14,6
932,37,6
932,99,6
932,38,4
932,50,1
932,9,7
932,72,4
932,68,4
932,95,1
932,28,6
932,85,6
932,84,6
933,41,5
933,60,5
933,3,3
933,44,5
933,0,5
933,78,2
933,75,5
933,54,5
933,80,0
933,28,7
933,21,3
933,15,3
933,20,3
933,8,5
933,4,5
934,88,8
934,33,8
934,79,0
934,52,0
934,92,8
934,2,8
934,71,8
934,26,5
934,19,8
934,23,5
934,81,8
934,95,0
934,59,9
934,78,8
935,92,3
935,57,3
935,81,6
935,12,9
935,61,3
935,72,0
935,84,3
935,60,3
935,65,3
935,67,3
935,34,0
935,91,5
935,56,0
935,13,3
936,61,5
936,48,0
936,60,0
936,18,8
936,78,5
936,33,2
936,70,8
936,28,0
936,11,7
936,53,0
936,62,4
936,35,8
936,74,7
936,89,0
937,70,8
937,14,5
937,50,9
937,81,3
937,48,9
937,65,9
937,80,9
937,85,8
937,88,9
937,31,9
937,22,1
937,73,4
937,54,5
937,97,2
937,38,7
938,57,7
938,88,7
938,82,7
938,98,7
938,61,7
938,18,7
938,32,7
938,62,5
938,40,7
938,58,2
938,72,7
938,50,7
938,7,7
938,83,8
938,46,7
939,20,2
939,52,7
939,19,7
939,96,3
939,82,7
939,61,7
939,34,3
939,1,6
939,14,3
939,80,3
939,32,7
939,24,7
939,30,8
939,45,7
940,90,6
940,39,6
940,12,6
940,44,7
940,7,6
940,35,6
940,56,4
940,81,6
940,95,0
940,50,4
940,91,9
940,58,2
940,68,6
940,77,6
940,40,7
941,80,1
941,46,1
941,97,0
941,65,9
941,92,1
941,14,5
941,15,1
941,24,1
941,41,9
941,70,1
941,3,1
941,12,9
941,50,0
941,84,3
941,19,8
942,70,0
942,23,5
942,37,3
942,81,3
942,47,2
942,18,3
942,2,3
942,33,0
942,76,3
942,42,0
942,77,3
942,21,3
943,63,0
943,38,6
943,96,7
943,35,9
943,68,7
943,25,4
943,40,3
943,81,7
943,39,8
943,24,4
943,95,8
943,62,6
943,20,9
943,7,4
944,31,4
944,18,5
944,44,2
944,66,4
944,23,3
944,56,9
944,40,1
944,28,4
944,67,4
944,53,2
944,95,2
944,51,6
944,76,1
944,17,2
945,70,2
945,27,9
945,66,0
945,80,8
945,90,0
945,23,1
945,69,5
945,94,3
945,60,5
945,45,0
945,53,5
945,20,3
945,33,5
946,69,8
946,71,8
946,35,8
946,7,8
946,47,8
946,4,8
946,23,0
946,21,8
946,28,8
946,72,5
946,77,7
946,83,8
946,39,0
946,53,5
947,45,2
947,25,3
947,19,2
947,64,2
947,91,3
947,22,0
947,95,2
947,77,5
947,10,0
947,16,7
947,27,2
947,69,2
947,39,5
947,83,2
948,48,6
948,39,4
948,82,6
948,61,5
948,77,6
948,30,6
948,25,4
948,56,0
948,0,6
948,35,6
948,63,6
948,7,6
948,14,0
948,6,5
948,71,6
949,20,9
949,26,9
949,98,0
949,93,0
949,27,6
949,76,8
949,97,4
949,72,0
949,66,4
949,35,0
949,46,0
949,9,6
949,74,0
949,31,0
950,21,2
950,88,8
950,54,7
950,69,8
950,38,8
950,72,4
950,14,8
950,49,8
950,61,0
950,8,8
950,79,9
950,41,8
950,18,5
950,35,1
950,85,3
951,27,0
951,22,4
951,97,2
951,42,8
951,34,2
951,86,9
951,79,2
951,78,8
951,14,8
951,10,8
951,54,8
951,52,0
951,72,8
951,37,7
952,65,0
952,11,3
952,58,9
952,88,0
952,79,5
952,5,3
952,50,0
952,86,7
952,33,4
952,9,3
952,24,0
952,93,0
952,68,2
952,22,0
953,16,7
953,6,8
953,49,8
953,46,9
953,35,0
953,5,8
953,86,8
953,99,8
953,78,9
953,55,8
953,3,8
953,33,4
953,85,8
953,24,8
953,38,8
954,39,7
954,20,7
954,34,5
954,43,3
954,10,7
954,24,7
954,19,5
954,18,7
954,41,6
954,52,6
954,15,3
954,2,7
954,81,8
954,44,7
954,61,0
955,64,2
955,89,2
955,83,6
955,25,9
955,85,6
955,14,4
955,52,3
955,16,2
955,5,2
955,9,3
955,92,2
955,73,7
955,7,2
955,47,2
955,82,5
956,95,4
956,70,5
956,74,3
956,77,4
956,92,3
956,18,4
956,65,9
956,12,5
956,50,0
956,96,8
956,68,8
956,28,3
956,73,3
956,1,9
957,26,5
957,51,0
957,93,5
957,95,4
957,60,5
957,8,9
957,20,4
957,70,5
957,22,5
957,78,5
957,6,5
957,12,5
957,46,5
957,31,5
958,32,3
958,43,3
958,79,3
958,49,2
958,24,3
958,47,8
958,77,9
958,88,3
958,46,3
958,14,3
958,38,3
958,94,8
958,34,0
958,71,3
959,75,8
959,43,9
959,65,7
959,20,7
959,2,2
959,18,3
959,63,2
959,6,3
959,30,6
959,54,7
959,89,7
959,21,7
959,49,2
960,9,0
960,67,6
960,15,0
960,4,6
960,21,0
960,64,0
960,69,0
960,34,2
960,30,5
960,87,0
960,29,1
960,18,2
960,98,0
960,95,4
961,62,3
961,66,7
961,59,7
961,43,7
961,32,6
961,73,1
961,68,7
961,50,7
961,47,9
961,85,7
961,21,0
961,97,5
961,48,7
961,31,7
962,78,6
962,69,0
962,37,3
962,15,9
962,70,3
962,11,0
962,19,3
962,10,0
962,6,0
962,88,9
962,34,6
962,45,0
962,40,3
962,21,4
962,71,3
963,79,2
963,97,1
963,76,6
963,75,1
963,96,8
963,12,5
963,23,5
963,20,2
963,72,0
963,45,3
963,2,5
963,16,1
963,99,1
963,98,5
963,62,2
964,55,9
964,37,4
964,83,0
964,92,2
964,48,0
964,66,5
964,45,0
964,18,0
964,32,0
964,8,2
964,17,1
964,33,4
964,74,1
964,50,0
965,38,3
965,22,3
965,72,0
965,42,6
965,55,3
965,66,3
965,60,3
965,15,2
965,50,6
965,5,2
965,28,3
965,59,4
965,68,7
965,43,3
965,30,7
966,4,7
966,85,5
966,46,7
966,86,4
966,17,3
966,98,7
966,91,7
966,50,9
966,62,7
966,26,0
966,92,7
966,43,7
966,6,7
966,67,8
967,74,0
967,30,0
967,80,4
967,88,0
967,3,0
967,0,0
967,26,0
967,5,9
967,91,0
967,69,0
967,36,4
967,11,6
967,68,0
967,41,0
968,77,3
968,36,5
968,75,9
968,37,3
968,62,8
968,58,3
968,23,2
968,40,9
968,33,3
968,69,3
968,90,1
968,95,1
968,56,6
968,63,1
968,80,3
969,12,9
969,8,2
969,78,9
969,79,1
969,49,9
969,47,6
969,46,9
969,2,9
969,75,9
969,90,7
969,44,3
969,81,0
969,22,4
969,71,8
969,56,9
970,32,8
970,50,1
970,56,7
970,37,2
970,33,8
970,71,4
970,69,8
970,54,8
970,68,8
970,42,8
970,29,8
970,9,8
970,2,8
970,40,9
971,11,5
971,31,2
971,23,3
971,54,2
971,25,9
971,83,9
971,22,0
971,91,0
971,10,9
971,24,8
971,97,0
971,36,0
971,58,0
971,90,1
972,45,1
972,13,1
972,64,1
972,11,1
972,12,1
972,51,5
972,71,7
972,62,3
972,61,1
972,17,6
972,16,1
972,5,1
972,83,1
972,38,5
973,7,7
973,30,6
973,94,4
973,52,7
973,60,7
973,1,1
973,17,3
973,67,7
973,24,7
973,83,7
973,44,7
973,36,7
974,68,2
974,59,2
974,67,1
974,19,1
974,83,6
974,63,3
974,98,1
974,12,2
974,5,5
974,75,9
974,56,4
974,33,8
974,52,2
974,99,8
974,39,2
975,89,3
975,63,3
975,4,3
975,50,6
975,85,3
975,5,5
975,23,3
975,2,3
975,47,2
975,66,3
975,0,3
975,49,3
975,72,3
975,15,3
976,18,3
976,52,5
976,35,8
976,43,1
976,30,3
976,51,3
976,23,9
976,37,3
976,69,2
976,8,3
976,24,3
976,26,5
976,14,3
976,65,3
976,78,9
977,75,6
977,37,6
977,64,6
977,41,6
977,63,3
977,4,6
977,49,2
977,2,6
977,71,2
977,30,3
977,67,3
977,22,6
977,60,6
977,50,6
978,35,1
978,30,1
978,91,1
978,85,0
978,60,6
978,19,5
978,14,4
978,47,5
978,22,3
978,10,2
978,71,1
978,18,1
978,46,1
978,23,1
978,89,1
979,42,8
979,66,3
979,43,5
979,22,3
979,72,8
979,80,3
979,54,7
979,34,1
979,71,9
979,0,3
979,98,4
979,15,9
979,14,9
979,60,3
980,32,7
980,95,7
980,42,7
980,65,6
980,66,7
980,40,7
980,84,7
980,77,2
980,8,2
980,88,2
980,18,0
980,93,7
980,75,7
980,79,7
981,8,6
981,95,9
981,3,6
981,84,2
981,78,0
981,43,2
981,18,2
981,53,2
981,37,2
981,19,2
981,34,0
981,71,0
982,84,0
982,31,0
982,5,2
982,13,0
982,61,4
982,85,1
982,93,0
982,15,4
982,65,0
982,20,7
982,91,6
982,80,0
982,21,0
982,9,0
982,10,2
983,1,2
983,97,4
983,81,3
983,39,2
983,79,1
983,96,9
983,60,2
983,63,8
983,10,2
983,64,2
983,48,8
983,29,2
983,67,4
983,40,5
983,5,2
984,17,3
984,73,3
984,34,3
984,69,3
984,55,6
984,19,4
984,93,3
984,51,3
984,76,1
984,64,3
984,31,3
984,83,3
984,18,9
984,62,6
984,22,6
985,74,6
985,28,9
985,30,7
985,2,9
985,89,9
985,69,9
985,88,9
985,32,9
985,47,9
985,1,6
985,85,0
985,3,9
985,60,7
985,9,9
985,99,9
986,46,9
986,64,9
986,73,9
986,72,7
986,6,9
986,79,7
986,40,9
986,39,9
986,85,9
986,65,7
986,34,9
986,67,9
986,43,9
986,91,2
987,74,3
987,81,7
987,48,6
987,45,6
987,14,6
987,87,6
987,64,6
987,83,4
987,51,4
987,8,6
987,33,1
987,63,6
987,96,6
987,6,0
988,87,2
988,99,2
988,7,0
988,18,8
988,4,2
988,8,5
988,63,0
988,17,0
988,75,9
988,82,6
988,78,8
988,57,9
988,58,3
988,28,2
988,12,2
989,21,5
989,79,9
989,15,8
989,35,1
989,85,5
989,12,5
989,39,3
989,2,5
989,34,1
989,64,8
989,71,4
989,84,0
989,50,5
990,5,9
990,0,6
990,22,6
990,60,6
990,54,6
990,84,3
990,66,6
990,44,4
990,72,9
990,56,5
990,71,6
990,95,2
990,29,6
990,78,6
990,46,6
991,85,2
991,98,3
991,32,2
991,26,2
991,67,6
991,25,2
991,89,2
991,33,2
991,65,5
991,96,6
991,1,5
991,35,2
991,77,2
992,43,4
992,87,6
992,72,5
992,8,4
992,22,4
992,18,4
992,92,1
992,37,3
992,51,4
992,91,4
992,17,4
992,55,4
992,71,4
992,90,4
992,86,0
993,49,2
993,35,1
993,3,2
993,12,2
993,80,0
993,24,2
993,56,6
993,85,2
993,98,9
993,52,8
993,17,2
993,43,4
993,67,0
993,57,2
993,37,1
994,16,8
994,93,8
994,19,8
994,29,4
994,20,0
994,47,2
994,55,6
994,32,4
994,23,8
994,96,8
994,30,1
994,54,8
994,41,1
994,78,2
995,86,7
995,68,8
995,10,5
995,83,5
995,99,8
995,49,8
995,77,5
995,45,5
995,14,5
995,15,5
995,64,4
995,30,2
995,59,5
995,2,8
995,51,4
996,96,4
996,43,3
996,44,3
996,47,9
996,78,3
996,31,8
996,89,3
996,50,3
996,24,3
996,92,9
996,75,4
996,54,4
996,62,3
996,65,3
996,67,0
997,33,7
997,7,9
997,21,7
997,89,6
997,67,9
997,14,9
997,30,9
997,43,1
997,37,0
997,94,1
997,81,9
997,63,6
997,47,4
997,93,9
998,9,4
998,56,3
998,77,4
998,59,4
998,7,9
998,82,4
998,95,3
998,3,4
998,45,6
998,6,1
998,5,5
998,67,2
998,31,4
998,42,1
998,88,2
999,56,9
999,10,0
999,89,3
999,0,3
999,43,8
999,62,0
999,92,3
999,40,3
999,20,3
999,4,3
999,74,3
999,26,2
999,14,3
999,53,4
